5.000000000000000000e+02 4.600000000000000000e+01 1.875286647537422250e+05 2.651032207655539423e+03 1.054694755378902826e+01 8.406176688100516330e+05 4.042315086471817922e+05 3.322310909596469719e+05 8.537060641015510191e+04 4.042270187132331193e+04
5.000000000000000000e+02 5.200000000000000000e+01 2.011626965260403522e+05 2.272842392132179157e+03 9.719184767501177546e+00 9.981437639381429181e+05 4.799817735387901776e+05 3.944889620237926720e+05 9.299518894411012297e+04 2.881189753743370602e+04
5.000000000000000000e+02 5.800000000000000000e+01 2.020244670310595830e+05 2.361271733899370702e+03 9.036802645499255604e+00 1.350887892715121154e+06 6.496073912631944986e+05 5.339014096577798482e+05 1.039820612175621063e+05 2.757881643287678526e+04
5.000000000000000000e+02 6.400000000000000000e+01 2.500243249911566381e+05 2.499099229396038936e+03 8.462778144592553176e+00 1.750112654986044625e+06 8.415843552622150164e+05 6.916840535738038598e+05 1.060621033422947949e+05 3.063308596776010745e+04
#5.000000000000000000e+02 7.000000000000000000e+01 2.395067510683166038e+05 3.279666977211077210e+03 7.972043398907068479e+00 2.686476978025283664e+06 1.291857977848986397e+06 1.061756385052851634e+06 1.101531328349977121e+05 3.886456275284192816e+04
#5.000000000000000000e+02 7.600000000000000000e+01 3.103257601539878524e+05 3.167932574239200221e+03 7.546682435573916159e+00 3.013131763320221566e+06 1.448937898442983394e+06 1.190857734825037885e+06 1.201110738335994538e+05 3.792465245201841753e+04
#5.000000000000000000e+02 8.200000000000000000e+01 3.256964511271859519e+05 3.622200064390407988e+03 7.173909107680819019e+00 3.847597098254598211e+06 1.850210907291099895e+06 1.520657284465363249e+06 1.295458028896614123e+05 4.191005447897689737e+04
#5.000000000000000000e+02 8.800000000000000000e+01 3.550430433439466869e+05 5.928698634181574562e+03 6.866181870910842200e+00 5.856127877155089751e+06 2.816061920235614292e+06 2.314474017873716075e+06 1.396396176346737775e+05 7.053506275320923305e+04
1.000000000000000000e+03 4.600000000000000000e+01 2.601547661789371050e+05 1.790684737259517306e+03 1.328833122837492198e+01 6.484445869361960795e+05 3.118203951415478950e+05 2.562799481120233540e+05 1.341905165756383503e+05 2.432413396068692600e+04
1.000000000000000000e+03 5.200000000000000000e+01 3.210078932190171327e+05 2.059294934053911220e+03 1.224539598031946852e+01 9.462907583632696187e+05 4.550469911173204891e+05 3.739954829418421723e+05 1.527809259615658375e+05 2.515973453133063231e+04
1.000000000000000000e+03 5.800000000000000000e+01 3.850139586140302126e+05 2.339741059442521419e+03 1.138578183445880043e+01 1.326110957186555257e+06 6.376927975067440420e+05 5.241090050644470030e+05 1.498959801413457608e+05 2.938470654806304083e+04
1.000000000000000000e+03 6.400000000000000000e+01 4.268298961588866659e+05 2.712308234817621269e+03 1.066276060539564696e+01 1.822552589449891821e+06 8.764188645535497926e+05 7.203139519793862710e+05 1.680303850852252217e+05 3.154023509804922287e+04
1.000000000000000000e+03 7.000000000000000000e+01 4.916967959945247858e+05 3.030275291518394170e+03 1.004409003572839865e+01 2.425145621481677983e+06 1.166190421203437494e+06 9.584723298778642202e+05 1.712998836179604405e+05 3.558870946934996755e+04
1.000000000000000000e+03 7.600000000000000000e+01 5.409160045985591132e+05 3.429674528319009369e+03 9.508220595059549751e+00 3.181702279648915399e+06 1.529999142641479615e+06 1.257480610623961780e+06 1.836464089139771822e+05 3.959084325781508232e+04
1.000000000000000000e+03 8.200000000000000000e+01 5.930385749219397549e+05 3.840511020593850844e+03 9.038556390605826607e+00 4.079319796788660809e+06 1.961640418579883175e+06 1.612239329181438545e+06 1.951435238227617519e+05 4.346315307659900282e+04
#1.000000000000000000e+03 8.800000000000000000e+01 7.414040763150043786e+05 1.124117860182574441e+04 8.623201220885224672e+00 1.675670914137661457e+07 8.057872285469734110e+06 6.622629960673595779e+06 2.076486768753520446e+05 1.012991963041175768e+05
1.000000000000000000e+03 9.400000000000000000e+01 6.230987057248712517e+05 5.275940074115239440e+03 8.252245820149484601e+00 6.964485047403032891e+06 3.349042498294919729e+06 2.752521807620600332e+06 2.165331703162035847e+05 5.987124859912672400e+04
1.000000000000000000e+03 1.000000000000000000e+02 7.124301066181201022e+05 5.723711951791367937e+03 7.918492629702052810e+00 7.929025408670331351e+06 3.812865256075044628e+06 3.133729945860264823e+06 2.376086279588718899e+05 5.899563873385565967e+04
1.000000000000000000e+03 1.060000000000000000e+02 8.000962435727096163e+05 6.052510547642261372e+03 7.616782632793769103e+00 9.370981340217541903e+06 4.506264934953066520e+06 3.703623501549865585e+06 2.382792477309920068e+05 6.781089528347176383e+04
1.000000000000000000e+03 1.120000000000000000e+02 8.363251485722480575e+05 6.969108966848345517e+03 7.342262166306175786e+00 1.205016956484796479e+07 5.794617937960003503e+06 4.762499206619463861e+06 2.514675370996272541e+05 7.677513191914944036e+04
1.000000000000000000e+03 1.180000000000000000e+02 1.043298500235060579e+06 1.427871320480759641e+04 7.104395939607035970e+00 2.144926255135305971e+07 1.031440104367131740e+07 8.477233065780544654e+06 2.676305343567810487e+05 1.512188674619829690e+05
1.500000000000000000e+03 4.600000000000000000e+01 3.096952168886457803e+05 2.025868402867363329e+03 1.521133878508950588e+01 7.009490796438099351e+05 3.370684610405166750e+05 2.770309096249141730e+05 1.843795289372887055e+05 2.623198140249502103e+04
#1.500000000000000000e+03 5.200000000000000000e+01 4.203237854138158727e+05 3.160208977198989942e+03 1.401825251445014153e+01 1.090363974323097849e+06 5.243281109461880988e+05 4.309364722790700616e+05 2.066083357554341201e+05 4.566651983052882133e+04
1.500000000000000000e+03 5.800000000000000000e+01 4.865435381165291765e+05 2.578133208583386931e+03 1.303328264436507666e+01 1.391980886151924962e+06 6.693679594122103881e+05 5.501422888908237219e+05 1.973373700795912591e+05 3.465120990654236812e+04
1.500000000000000000e+03 6.400000000000000000e+01 5.854078472544855904e+05 2.856455484505577260e+03 1.220583456922754273e+01 1.886061728767606197e+06 9.069587831774642691e+05 7.454141984104426811e+05 2.119981661016393336e+05 3.356926444547649589e+04
1.500000000000000000e+03 7.000000000000000000e+01 6.535583054833298083e+05 3.252783539481807111e+03 1.151663749085674482e+01 2.541523719312922098e+06 1.222153667998388410e+06 1.004467582941025263e+06 2.337215820621425228e+05 3.514271462571361917e+04
1.500000000000000000e+03 7.600000000000000000e+01 7.215221116593836341e+05 3.684415218435613042e+03 1.088419607377582743e+01 3.324862075051906519e+06 1.598841021917335689e+06 1.314060595524377888e+06 2.460887827889767650e+05 3.730745180243978393e+04
1.500000000000000000e+03 8.200000000000000000e+01 8.201278248800875153e+05 4.061700951655820973e+03 1.034656764684928021e+01 4.228953078389287926e+06 2.033595231581699336e+06 1.671377782053146511e+06 2.497726757698456931e+05 4.529709364959634695e+04
1.500000000000000000e+03 8.800000000000000000e+01 8.488373646826365730e+05 4.903727434714659466e+03 9.870760915357431386e+00 5.670541794476184994e+06 2.726818325949273072e+06 2.241126205898005515e+06 2.775535590721140616e+05 5.313579341176452726e+04
1.500000000000000000e+03 9.400000000000000000e+01 9.605363933122165035e+05 5.145035210960153563e+03 9.446123402326598750e+00 6.719253499117553234e+06 3.231116927123368252e+06 2.655600760338856373e+06 2.772298959798811120e+05 5.666128640935519797e+04
1.500000000000000000e+03 1.000000000000000000e+02 1.025751583658842253e+06 5.764884562032922986e+03 9.064397221286348838e+00 8.323612709484925494e+06 4.002612183625463862e+06 3.289679760255704634e+06 2.979845401153185521e+05 6.295642615902274702e+04
1.500000000000000000e+03 1.060000000000000000e+02 1.052977255584935425e+06 7.068947433480784639e+03 8.719037264365043782e+00 1.053255025659923628e+07 5.064833678971155547e+06 4.162701775339405052e+06 3.317547553465370438e+05 7.903041699520820112e+04
1.500000000000000000e+03 1.120000000000000000e+02 1.165918572631654097e+06 7.160246109310540305e+03 8.404812918920718801e+00 1.209308921571282670e+07 5.815256898885334842e+06 4.779462022129426710e+06 3.216695027576032444e+05 7.818642382905341219e+04
1.500000000000000000e+03 1.180000000000000000e+02 1.216732584046417847e+06 7.966076454333440779e+03 8.117421395572616660e+00 1.433060653769515269e+07 6.891221676034808159e+06 5.663779409813637845e+06 3.333143846442366485e+05 8.574804193274502177e+04
1.500000000000000000e+03 1.240000000000000000e+02 1.361542944605317898e+06 8.936566799455387809e+03 7.853404284916117639e+00 1.824492942090183124e+07 8.773519304456844926e+06 7.210808231723781675e+06 3.515041383445634856e+05 9.832366731076703581e+04
1.500000000000000000e+03 1.300000000000000000e+02 1.419086561194357695e+06 1.001611080416851473e+04 7.609857617216678527e+00 2.210142318187918887e+07 1.062800838900709897e+07 8.734981678258955479e+06 3.631382691470218124e+05 1.074448550022113632e+05
1.500000000000000000e+03 1.360000000000000000e+02 1.389998078570626443e+06 1.173765381774764501e+04 7.384365679763962298e+00 2.778386456902619079e+07 1.336054892432227917e+07 1.098081087197376043e+07 3.764440379133372335e+05 1.225863734816499491e+05
2.000000000000000000e+03 4.600000000000000000e+01 3.183098861837906879e+05 2.437996687198635300e+03 1.674221352818496200e+01 7.409960419619746972e+05 3.563260196135170409e+05 2.928583737316556508e+05 2.300441266894265427e+05 3.267035743699156956e+04
2.000000000000000000e+03 5.200000000000000000e+01 4.892568591361580184e+05 2.524350611958162062e+03 1.542824441739632313e+01 1.130917687370759435e+06 5.438293529670780990e+05 4.469642157208196004e+05 2.364796951360412932e+05 3.146145905993757697e+04
2.000000000000000000e+03 5.800000000000000000e+01 5.182163936852659099e+05 3.337666650564028259e+03 1.434497007215057351e+01 1.891557674483293900e+06 9.096016427205433138e+05 7.475863203021495137e+05 2.556914790562005364e+05 3.665963587760286464e+04
#2.000000000000000000e+03 6.400000000000000000e+01 6.885456536444007652e+05 3.095396954305010240e+03 1.343382625962606802e+01 1.959464956060466822e+06 9.422565153202677611e+05 7.744248119013381656e+05 2.736652644762365962e+05 3.618386392625730514e+04
2.000000000000000000e+03 7.000000000000000000e+01 7.781876974813262932e+05 3.610093669319065157e+03 1.265473261746408973e+01 2.721855277595994994e+06 1.308870496071550762e+06 1.075738688183967955e+06 2.868861596078856383e+05 4.189274202762158529e+04
2.000000000000000000e+03 7.600000000000000000e+01 9.140190216555529041e+05 3.838453951904692531e+03 1.197966950030796163e+01 3.418206501982465386e+06 1.643727966270241886e+06 1.350952421552781481e+06 2.872465112707723747e+05 4.306405997641458816e+04
2.000000000000000000e+03 8.200000000000000000e+01 1.012842331900311401e+06 4.316886646586474853e+03 1.138786702450816435e+01 4.396146128195100464e+06 2.113994087406366132e+06 1.737456251967401011e+06 2.958384150813423912e+05 5.030260002633058320e+04
2.000000000000000000e+03 8.800000000000000000e+01 1.077574051273384830e+06 4.953892569197076227e+03 1.086442404184968069e+01 5.766113024170014076e+06 2.772776082722444553e+06 2.278898114678465296e+06 3.207880973584603053e+05 5.693360734107161261e+04
2.000000000000000000e+03 9.400000000000000000e+01 1.129449123171878280e+06 5.680254101555921807e+03 1.039681004243157858e+01 7.150423361624728888e+06 3.438455471709512640e+06 2.826008829458384775e+06 3.368513254776348476e+05 7.018556805312863435e+04
2.000000000000000000e+03 1.000000000000000000e+02 1.291782758119014557e+06 6.129114638592986012e+03 9.976655523858065422e+00 8.774043312731521204e+06 4.219212725164134055e+06 3.467700109185633250e+06 3.489852170168256271e+05 7.342189300022550742e+04
2.000000000000000000e+03 1.060000000000000000e+02 1.313142711740932660e+06 7.018092355670042707e+03 9.596541527626683887e+00 1.111040351665378362e+07 5.342708512864665128e+06 4.391082436519501731e+06 3.877650804276399431e+05 7.341207452341957833e+04
2.000000000000000000e+03 1.120000000000000000e+02 1.479110160796528216e+06 7.491078815860459144e+03 9.250683702694740163e+00 1.279116296667550504e+07 6.150942688000485301e+06 5.055356536910355091e+06 3.887738363112947554e+05 8.108023421391054580e+04
2.000000000000000000e+03 1.180000000000000000e+02 1.570354138125105994e+06 8.321630684211362677e+03 8.934423360781025281e+00 1.531307600741801411e+07 7.363666082905357704e+06 6.052073536705619656e+06 4.022324559684887645e+05 8.917914504697015218e+04
2.000000000000000000e+03 1.240000000000000000e+02 1.649637518546221778e+06 9.311070633870112943e+03 8.643784630395423108e+00 1.843502228408017382e+07 8.864930094066368416e+06 7.285937225154031999e+06 4.110486066652098089e+05 1.030805230414747639e+05
2.000000000000000000e+03 1.300000000000000000e+02 1.798759742355909199e+06 1.027991287751753043e+04 8.375737597233458231e+00 2.240966058452054113e+07 1.077623186195358261e+07 8.856804062386412174e+06 4.336818420876097516e+05 1.099934350034653471e+05
2.000000000000000000e+03 1.360000000000000000e+02 1.887975387254611123e+06 1.143275637687743438e+04 8.127567024160594400e+00 2.689937652985456586e+07 1.293522127809179947e+07 1.063124121968377568e+07 4.504665926804599003e+05 1.198662974786224804e+05
2.000000000000000000e+03 1.420000000000000000e+02 1.848871940064605791e+06 1.322176371861741973e+04 7.896954434657400768e+00 3.171763620835662633e+07 1.525219896148008108e+07 1.253552628162117116e+07 4.684253781500851037e+05 1.359554714956115931e+05
2.000000000000000000e+03 1.480000000000000000e+02 2.012618411208448233e+06 1.875170556692960963e+04 7.691141735647080147e+00 4.284318491542859375e+07 2.060219040854735300e+07 1.693259443950023875e+07 4.884964504032028490e+05 1.828889510793945228e+05
2.500000000000000000e+03 4.600000000000000000e+01 5.034670951841644710e+05 2.056503917407253539e+03 1.803503454627722036e+01 6.976608651607596548e+05 3.354872429070452927e+05 2.757313329855609918e+05 2.529868032265811344e+05 2.723240715790700051e+04
2.500000000000000000e+03 5.200000000000000000e+01 5.600920837632328039e+05 3.157190785714935373e+03 1.661957044888513835e+01 1.533110119071287103e+06 7.372333931925515644e+05 6.059197496304607484e+05 2.599708592592354689e+05 3.979342507799926534e+04
#2.500000000000000000e+03 5.800000000000000000e+01 6.455036287284651771e+05 3.635098104598535883e+03 1.545321505076316093e+01 2.189417553301059175e+06 1.052834830229452346e+06 8.653072726023982977e+05 2.901875309279325884e+05 3.769200274005709798e+04
#2.500000000000000000e+03 6.400000000000000000e+01 7.950441593327674782e+05 3.275267658948735516e+03 1.447110965687055462e+01 2.014633951011901954e+06 9.687858721101814881e+05 7.962288448879494099e+05 3.165740509274715441e+05 3.880181278011352697e+04
#2.500000000000000000e+03 7.000000000000000000e+01 7.905475069910146995e+05 4.544226914857898009e+03 1.363191530911434413e+01 3.553476897052542772e+06 1.708776034974152688e+06 1.404414337232344784e+06 3.431903788600438857e+05 4.418749197329203162e+04
2.500000000000000000e+03 7.600000000000000000e+01 1.046021514155944926e+06 4.180423179916911977e+03 1.290464190906904918e+01 3.625164388379240874e+06 1.743248713630959392e+06 1.432746853113605641e+06 3.406164146034777514e+05 5.134840360887587303e+04
2.500000000000000000e+03 8.200000000000000000e+01 1.172046107959763380e+06 4.561972302954975021e+03 1.226721481878977293e+01 4.572073067565578967e+06 2.198592847047093790e+06 1.806986552322594915e+06 3.565787904796526418e+05 4.865426813416434015e+04
2.500000000000000000e+03 8.800000000000000000e+01 1.308655528627560474e+06 5.156660781697031780e+03 1.170307141831697706e+01 5.921725072881256230e+06 2.847605931711067446e+06 2.340399511363340076e+06 3.707008763639706885e+05 5.869469739917263360e+04
2.500000000000000000e+03 9.400000000000000000e+01 1.397213507380028721e+06 5.719085042583348695e+03 1.119961718438823972e+01 7.331789819520719349e+06 3.525669956502667628e+06 2.897688950405125506e+06 3.939652011565123685e+05 5.667082887156944344e+04
2.500000000000000000e+03 1.000000000000000000e+02 1.492439625771204010e+06 6.558934200077548667e+03 1.074702663666160518e+01 9.186825988908577710e+06 4.417709342741388828e+06 3.630841146929552779e+06 4.519868711184772546e+05 6.811391387118784769e+04
2.500000000000000000e+03 1.060000000000000000e+02 1.660129347434051335e+06 6.999071059282540773e+03 1.033755944188416009e+01 1.105106213569180109e+07 5.314172762497408316e+06 4.367629382333810441e+06 4.249545127655210672e+05 7.421125566511563375e+04
2.500000000000000000e+03 1.120000000000000000e+02 1.777686830758083379e+06 7.749007126547555345e+03 9.964981428266916907e+00 1.332083983361281082e+07 6.405650728245070204e+06 5.264696799300714396e+06 4.414084836117371451e+05 8.247108668626481085e+04
2.500000000000000000e+03 1.180000000000000000e+02 1.892494846174639417e+06 8.594038503944331751e+03 9.624251521484127991e+00 1.591971614446231350e+07 7.655383788709091023e+06 6.291831421922851354e+06 4.609291388779694098e+05 9.172663878625414509e+04
2.500000000000000000e+03 1.240000000000000000e+02 1.999095596139079658e+06 9.517945489570443897e+03 9.311275698971028802e+00 1.892016717027557269e+07 9.098223845239644870e+06 7.477677442846996710e+06 4.747795197305448819e+05 1.001833656323239702e+05
2.500000000000000000e+03 1.300000000000000000e+02 2.130119971117548179e+06 1.051977961559335927e+04 9.022488960388788115e+00 2.256433756678869575e+07 1.085061206143684871e+07 8.917935899691279978e+06 5.020183365149568999e+05 1.101115317014914326e+05
2.500000000000000000e+03 1.360000000000000000e+02 2.266145367697679903e+06 1.167637097682314561e+04 8.755162320381078445e+00 2.721953296907695010e+07 1.308917631048265100e+07 1.075777427630055696e+07 5.205639055606047041e+05 1.211609438304756040e+05
#2.500000000000000000e+03 1.420000000000000000e+02 2.263300844512936193e+06 1.332737294901012865e+04 8.506732425271302134e+00 3.208877407796744257e+07 1.543066965810635313e+07 1.268220835111869313e+07 5.440385208504846087e+05 1.362145393693178485e+05
2.500000000000000000e+03 1.480000000000000000e+02 2.329026495140459854e+06 1.772786115523425542e+04 8.282776841171870075e+00 4.155712223171030730e+07 1.998375580011211336e+07 1.642431341673867032e+07 5.658963431200833293e+05 1.733723593918760307e+05
3.000000000000000000e+03 4.600000000000000000e+01 6.269555213163613807e+05 2.011833058358581866e+03 1.916515278613867679e+01 6.849438377102452796e+05 3.293719500901503488e+05 2.707052764792435337e+05 2.757764482613218133e+05 2.505081041259552512e+04
3.000000000000000000e+03 5.200000000000000000e+01 7.011014655449412530e+05 2.469544740951079348e+03 1.766166017266609600e+01 1.044709134423044510e+06 5.023738676622365601e+05 4.128926482787323184e+05 2.997686145205353387e+05 3.064163291215464051e+04
3.000000000000000000e+03 5.800000000000000000e+01 8.248828738758878317e+05 2.858377228012319847e+03 1.642089153771186361e+01 1.484379994489239063e+06 7.138003242633073824e+05 5.866605036579000298e+05 3.284462697419753531e+05 3.322478314934323134e+04
3.000000000000000000e+03 6.400000000000000000e+01 9.289136913284326438e+05 3.339324122828852978e+03 1.537785356425718319e+01 2.064478560883863829e+06 9.927548684732905822e+05 8.159285606215735897e+05 3.525255959752668859e+05 3.878903537982323905e+04
3.000000000000000000e+03 7.000000000000000000e+01 1.029824300832528155e+06 3.879271783642125683e+03 1.448606273915703468e+01 2.808079228974201716e+06 1.350333386087260675e+06 1.109816341433612164e+06 3.797993213889733888e+05 4.374385989011431229e+04
3.000000000000000000e+03 7.600000000000000000e+01 1.122169524362923577e+06 4.472492108377586192e+03 1.371324918614011956e+01 3.740830949080412276e+06 1.798869800442579202e+06 1.478460890630444512e+06 4.214092930318052531e+05 4.739286719046200596e+04
3.000000000000000000e+03 8.200000000000000000e+01 1.336408195790543454e+06 4.871297031078787768e+03 1.303585625642573476e+01 4.844241608287599869e+06 2.329471728022916242e+06 1.914553707480030134e+06 4.135621727405617130e+05 5.570922266698419116e+04
3.000000000000000000e+03 8.800000000000000000e+01 1.472092552152592922e+06 5.377434101225634549e+03 1.243636934791456916e+01 6.100947504907611758e+06 2.933789409372183494e+06 2.411232264856190421e+06 4.299995639396584593e+05 5.675642583678560914e+04
3.000000000000000000e+03 9.400000000000000000e+01 1.627496550027081743e+06 5.938079264414219324e+03 1.190138885403414193e+01 7.565439184872669168e+06 3.638025952522086911e+06 2.990032457368037198e+06 4.322419767642664956e+05 6.375033760456655727e+04
3.000000000000000000e+03 1.000000000000000000e+02 1.768856035592368571e+06 6.605935473725415250e+03 1.142042040348767529e+01 9.356211072134023532e+06 4.499162291299412027e+06 3.697785957965871785e+06 4.512603688002960989e+05 7.014792016238873475e+04
3.000000000000000000e+03 1.060000000000000000e+02 1.919677079451997066e+06 7.269416404327958844e+03 1.098528855948431193e+01 1.143327501645779237e+07 5.497969148356309161e+06 4.518688546407137066e+06 4.718982297330280999e+05 7.752703074044550885e+04
3.000000000000000000e+03 1.120000000000000000e+02 2.060337427473436808e+06 8.026062317185444954e+03 1.058936784621269211e+01 1.387613742266586795e+07 6.672679117606442422e+06 5.484162949803489260e+06 4.886895763053896371e+05 8.466738039969779493e+04
3.000000000000000000e+03 1.180000000000000000e+02 2.185014373013281729e+06 8.891318351910473211e+03 1.022731191975340970e+01 1.658703502871354111e+07 7.976280350057221949e+06 6.555570918674800545e+06 4.998677036366166431e+05 9.290793996821118344e+04
3.000000000000000000e+03 1.240000000000000000e+02 2.328412788864678238e+06 9.778379937093865010e+03 9.894664245313705919e+00 1.955364444478053600e+07 9.402846843147043139e+06 7.728041970997883938e+06 5.289562427546235267e+05 1.024080795987216989e+05
3.000000000000000000e+03 1.300000000000000000e+02 2.470035083208589815e+06 1.078180283147382215e+04 9.587819536973823276e+00 2.312688645330173895e+07 1.112112741404044069e+07 9.140267926745776087e+06 5.534194470312229823e+05 1.128640871811397810e+05
3.000000000000000000e+03 1.360000000000000000e+02 2.593087405730565544e+06 1.190669397704456969e+04 9.303709650783492435e+00 2.734392078188316151e+07 1.314899122407964244e+07 1.080693514964883029e+07 5.788174261531000957e+05 1.198680155418611103e+05
3.000000000000000000e+03 1.420000000000000000e+02 2.630878148571085185e+06 1.327610426968468164e+04 9.039758989398091416e+00 3.174819359764488041e+07 1.526689322741169669e+07 1.254760325211179256e+07 6.070099174923525425e+05 1.354259258128453512e+05
3.000000000000000000e+03 1.480000000000000000e+02 2.636303931493357290e+06 1.801658643171150470e+04 8.793753464227183514e+00 4.192215354371733963e+07 2.015929000957613811e+07 1.656858203673353605e+07 6.382826995654730126e+05 1.761508719735740742e+05
3.500000000000000000e+03 4.600000000000000000e+01 6.947623354500621790e+05 2.072765657442354495e+03 2.017564299781150794e+01 6.976047515626803506e+05 3.354602593148024753e+05 2.757091556240810896e+05 3.039700293471544283e+05 2.811755038232315928e+04
3.500000000000000000e+03 5.200000000000000000e+01 7.664523051344291307e+05 2.618758162243765128e+03 1.859212597576892989e+01 1.095893323133580154e+06 5.269870331820979482e+05 4.331217958283637417e+05 3.458176092640981660e+05 3.035270338836766314e+04
3.500000000000000000e+03 5.800000000000000000e+01 9.313162161854427541e+05 2.930747461098445910e+03 1.728676175706142715e+01 1.511102337155874819e+06 7.266504144904282875e+05 5.972217770959200570e+05 3.642457039628118509e+05 3.500648007513156335e+04
3.500000000000000000e+03 6.400000000000000000e+01 1.048464846299280878e+06 3.423859007721797752e+03 1.618867000470900663e+01 2.105641320473260246e+06 1.012548985378371784e+06 8.321970130140311085e+05 3.812503012594092288e+05 3.953736644814090687e+04
3.500000000000000000e+03 7.000000000000000000e+01 1.169039185545057524e+06 3.978815388863145017e+03 1.524986591538753444e+01 2.887447549481090624e+06 1.388499578790191328e+06 1.141184494504871313e+06 4.171390634401086718e+05 4.386660261333976086e+04
#3.500000000000000000e+03 7.600000000000000000e+01 1.237587909657744458e+06 5.662515548176123048e+03 1.443627970268135030e+01 5.320627795443667099e+06 2.558553645139138214e+06 2.102832289467259310e+06 4.256366695078773773e+05 6.643028688023978611e+04
3.500000000000000000e+03 8.200000000000000000e+01 1.355864214280056302e+06 5.390516184821913157e+03 1.372320565096980793e+01 4.994678544605053961e+06 2.401812997996395454e+06 1.974009782849138370e+06 5.000747396048995433e+05 5.595276208527854033e+04
3.500000000000000000e+03 8.800000000000000000e+01 1.563097956718851812e+06 6.144641794738249700e+03 1.309230111805365482e+01 7.011072586928049102e+06 3.371445252942006569e+06 2.770934255580957048e+06 4.673666720116693177e+05 7.788078137178799079e+04
3.500000000000000000e+03 9.400000000000000000e+01 1.814630974579268601e+06 6.257860529749745183e+03 1.252888572092550135e+01 7.928330180605030619e+06 3.812530938703286462e+06 3.133455176024736837e+06 4.774932275451450842e+05 6.681266141901587253e+04
3.500000000000000000e+03 1.000000000000000000e+02 1.971150000473659486e+06 6.943415382055634836e+03 1.202257898724198348e+01 9.754991628966478631e+06 4.690925648279208690e+06 3.855393041858703829e+06 5.164513529628743418e+05 7.051811816813213227e+04
3.500000000000000000e+03 1.060000000000000000e+02 2.090572618897794513e+06 7.872746048472517941e+03 1.156450594328437020e+01 1.223366199758543447e+07 5.882854749608045444e+06 4.835019560846023262e+06 5.620572989785795799e+05 7.254677889568390674e+04
3.500000000000000000e+03 1.120000000000000000e+02 2.329186914568329230e+06 8.317583127991116271e+03 1.114771912321850955e+01 1.434586109651306644e+07 6.898557202699910849e+06 5.669808356035239063e+06 5.402571746769509045e+05 8.786667698635153647e+04
3.500000000000000000e+03 1.180000000000000000e+02 2.440848897356348112e+06 9.428528437280692742e+03 1.076654363171739170e+01 1.764324801009326428e+07 8.484186123106513172e+06 6.973010147124825045e+06 5.836136863139643101e+05 8.802905984357255511e+04
3.500000000000000000e+03 1.240000000000000000e+02 2.637000792326236609e+06 1.005214844751711826e+04 1.041639173260634443e+01 2.022348158079472557e+07 9.724954367275360972e+06 7.992776737729948014e+06 5.806449951916651335e+05 1.043681842559048673e+05
3.500000000000000000e+03 1.300000000000000000e+02 2.802764505071362946e+06 1.105396940977600025e+04 1.009337050618556830e+01 2.382717507857268304e+07 1.145787827948733233e+07 9.417037809883896261e+06 6.036754567061889684e+05 1.151810678231616039e+05
3.500000000000000000e+03 1.360000000000000000e+02 2.959392805969676469e+06 1.214521961251018183e+04 9.794264736623025769e+00 2.796895220840718225e+07 1.344955282999182679e+07 1.105396168789907917e+07 6.286426193230072968e+05 1.253775991123114800e+05
3.500000000000000000e+03 1.420000000000000000e+02 3.073971302252290305e+06 1.342353902514497895e+04 9.516421214328175893e+00 3.277510089764887467e+07 1.576070664880817011e+07 1.295346021331236139e+07 6.495365119455353124e+05 1.342491823151998688e+05
#3.500000000000000000e+03 1.480000000000000000e+02 3.017846250874412712e+06 1.502847182303980662e+04 9.257423830577630852e+00 3.814433633778190613e+07 1.834263446543287858e+07 1.507550334193196148e+07 6.894834051307317568e+05 1.480605415975920041e+05
4.000000000000000000e+03 4.600000000000000000e+01 7.303266498188157566e+05 2.205984920677202354e+03 2.109392716518812705e+01 6.961768317463657586e+05 3.347736092442738591e+05 2.751448094581854530e+05 3.804602120516396826e+05 2.371049891034058601e+04
#4.000000000000000000e+03 5.200000000000000000e+01 8.258681743148948299e+05 5.189684374276207564e+03 1.943834974487856471e+01 1.114727158323826268e+06 5.360437421891101403e+05 4.405653529225979582e+05 3.800965925838128314e+05 6.542207055399523233e+04
4.000000000000000000e+03 5.800000000000000000e+01 9.998467590851420537e+05 3.130131332865567856e+03 1.807352921033777449e+01 1.561548311837685760e+06 7.509085917895943858e+05 6.171591657862924039e+05 4.113545936031089514e+05 4.493114627856412699e+04
4.000000000000000000e+03 6.400000000000000000e+01 1.166934633083353052e+06 3.499649565783063736e+03 1.692550671255385097e+01 2.143702220024058595e+06 1.030851497229766799e+06 8.472395402530397987e+05 4.225530162182024796e+05 4.032158101365614857e+04
4.000000000000000000e+03 7.000000000000000000e+01 1.251420413833440049e+06 4.477627873198665839e+03 1.594397504284770761e+01 3.387667431622636504e+06 1.629042509442156181e+06 1.338882691116468050e+06 4.444278974675544305e+05 5.772699076170395711e+04
4.000000000000000000e+03 7.600000000000000000e+01 1.462040933121756185e+06 4.679923425637352921e+03 1.509336233874949862e+01 3.972185043078328017e+06 1.910122059249920072e+06 1.569897254507631296e+06 4.796814429870399181e+05 5.125327633868154226e+04
4.000000000000000000e+03 8.200000000000000000e+01 1.600762157891843701e+06 5.349070334619752430e+03 1.434782342071563122e+01 5.178531969813270494e+06 2.490223401678574737e+06 2.046672809454394970e+06 5.093674174142793636e+05 5.787601912855356204e+04
4.000000000000000000e+03 8.800000000000000000e+01 1.779207147710640915e+06 5.972748403840312676e+03 1.368799778927745692e+01 6.607054861728770658e+06 3.177163475818892010e+06 2.611257324450068176e+06 5.317777986548290355e+05 6.373028178438489704e+04
4.000000000000000000e+03 9.400000000000000000e+01 1.988679565003764583e+06 6.543485084803128302e+03 1.309914838908223622e+01 8.219371825465285219e+06 3.952485412117527798e+06 3.248481408251675311e+06 5.489309742309142603e+05 6.986775525979202939e+04
4.000000000000000000e+03 1.000000000000000000e+02 2.116335766590204090e+06 7.510003591408975808e+03 1.256979973137635476e+01 1.043106371783150733e+07 5.016031401555869728e+06 4.122592002795307431e+06 5.607516648535953136e+05 1.010930822955457261e+05
4.000000000000000000e+03 1.060000000000000000e+02 2.319929110793704633e+06 8.141876290165405408e+03 1.209087892644254048e+01 1.274621580129902996e+07 6.129328747271322645e+06 5.037592401867002249e+06 5.506123586748647504e+05 8.336582893545567640e+04
4.000000000000000000e+03 1.120000000000000000e+02 2.567243786938596983e+06 8.640127138118223229e+03 1.165522594925048239e+01 1.483419010430770367e+07 7.133382116404660046e+06 5.862807010508577339e+06 5.814595595048047835e+05 9.089094673052325379e+04
4.000000000000000000e+03 1.180000000000000000e+02 2.759211138782405294e+06 9.439805904586090037e+03 1.125667640548796022e+01 1.773750124453284219e+07 8.529510089715877548e+06 7.010261154409341514e+06 6.084005438292201143e+05 9.766191016169772774e+04
4.000000000000000000e+03 1.240000000000000000e+02 2.919223876739122905e+06 1.038555049845136818e+04 1.089048841657286282e+01 2.106556166914155334e+07 1.012988911602509953e+07 8.325585809924311936e+06 6.217415962175681489e+05 1.063475804193678341e+05
4.000000000000000000e+03 1.300000000000000000e+02 3.104091694490206428e+06 1.156640268425683826e+04 1.055278819118577793e+01 2.536878574997394532e+07 1.219919937059556693e+07 1.002631716980942152e+07 6.677843222041759873e+05 1.204560589742074517e+05
4.000000000000000000e+03 1.360000000000000000e+02 3.287990290294506587e+06 1.242383533323504162e+04 1.024005891593917639e+01 2.868475536298249662e+07 1.379376423525289446e+07 1.133686326346737519e+07 6.770198693418080220e+05 1.269096730569967040e+05
4.000000000000000000e+03 1.420000000000000000e+02 3.443718536866013892e+06 1.361377592078080670e+04 9.949579690334498849e+00 3.333615384894960001e+07 1.603050264447917417e+07 1.317520101298009977e+07 7.046739455371366348e+05 1.384652081920598284e+05
4.000000000000000000e+03 1.480000000000000000e+02 3.381741060905662365e+06 1.527065406541684024e+04 9.678777638258404536e+00 3.897441634224914014e+07 1.874179868116800115e+07 1.540356970991387777e+07 7.461265513356277952e+05 1.469395437831802701e+05
4.500000000000000000e+03 4.600000000000000000e+01 7.161972439135290915e+05 2.403386523705975378e+03 2.193872738323886296e+01 7.623306453031698475e+05 3.665852839794546599e+05 3.012902908876084839e+05 4.009443363214851124e+05 3.289026616203183949e+04
4.500000000000000000e+03 5.200000000000000000e+01 8.232621028543409193e+05 3.016353383634967486e+03 2.021675505718711818e+01 1.255285098758938955e+06 6.036344560446204850e+05 4.961170259678506991e+05 4.242864344127303921e+05 3.198966661820089212e+04
4.500000000000000000e+03 5.800000000000000000e+01 1.074518818176065572e+06 3.181613577894337141e+03 1.879725706458867407e+01 1.603596866155667696e+06 7.711286646943807136e+05 6.337777042642122833e+05 4.299125091699659242e+05 4.075185783369182900e+04
4.500000000000000000e+03 6.400000000000000000e+01 1.266247565715714823e+06 3.670695915123379109e+03 1.760325294348779579e+01 2.234275352572711650e+06 1.074405797087478219e+06 8.830360881424837280e+05 4.631771771245058044e+05 4.017607103837289469e+04
4.500000000000000000e+03 7.000000000000000000e+01 1.462446642657118617e+06 4.167834993949842101e+03 1.658374492943582013e+01 3.045970225615665782e+06 1.464729073965301039e+06 1.203836236893994501e+06 4.971227681926766527e+05 4.807047159201535396e+04
4.500000000000000000e+03 7.600000000000000000e+01 1.617395295413746731e+06 4.767975221866645370e+03 1.569774532420977309e+01 4.050464452362921089e+06 1.947764622433149256e+06 1.600835045267027803e+06 5.176063231867417344e+05 5.215374679963876406e+04
4.500000000000000000e+03 8.200000000000000000e+01 1.719428558526132489e+06 6.071354885251826090e+03 1.492232785048983779e+01 5.694346434450879693e+06 2.738265367674431298e+06 2.250534337325803936e+06 5.533986579272279050e+05 7.694643372402891691e+04
4.500000000000000000e+03 8.800000000000000000e+01 1.810420347094519762e+06 6.668709205093771743e+03 1.423608901489990330e+01 7.447928600307632238e+06 3.581518121859928127e+06 2.943589619966567028e+06 5.681623461613217369e+05 6.932449725688647595e+04
4.500000000000000000e+03 9.400000000000000000e+01 2.130208447405347601e+06 6.931877968495458845e+03 1.362366311718087353e+01 8.530904428406020626e+06 4.102293462497649714e+06 3.371606129970897455e+06 6.173366465079663321e+05 7.670587810594140319e+04
4.500000000000000000e+03 1.000000000000000000e+02 2.368832839158785529e+06 7.487025278844666900e+03 1.307320252894939472e+01 1.046634315232260898e+07 5.032996378093591891e+06 4.136535232213753276e+06 6.195508679421101697e+05 7.863010669416718883e+04
4.500000000000000000e+03 1.060000000000000000e+02 2.581241496318913065e+06 8.176706862151073437e+03 1.257502113279080902e+01 1.267885770469743572e+07 6.096937963661684655e+06 5.010970960575396195e+06 6.244964780225978466e+05 8.415061850710354338e+04
4.500000000000000000e+03 1.120000000000000000e+02 2.811209479371581227e+06 8.919804362799299270e+03 1.212180093041259354e+01 1.528597246567325667e+07 7.350632683804105967e+06 6.041361604781230912e+06 6.419804218921563588e+05 9.276074477986273996e+04
4.500000000000000000e+03 1.180000000000000000e+02 3.014675759369798936e+06 9.747257937844189655e+03 1.170734804539576324e+01 1.826838699247294664e+07 8.784799449875170365e+06 7.220079193878749385e+06 6.588238678188953782e+05 1.005749564975781686e+05
4.500000000000000000e+03 1.240000000000000000e+02 3.228366707553351764e+06 1.064413677593368084e+04 1.132655973944251215e+01 2.172817181337861344e+07 1.044852136489161476e+07 8.587464306259546429e+06 6.808414910347606055e+05 1.092929711814267939e+05
4.500000000000000000e+03 1.300000000000000000e+02 3.400278092808064073e+06 1.164059710234970589e+04 1.097531396574764706e+01 2.534875753361741453e+07 1.218956831427388266e+07 1.001840156629905850e+07 7.064527383658007020e+05 1.167278804933049250e+05
4.500000000000000000e+03 1.360000000000000000e+02 3.607197105000385549e+06 1.271041228636423511e+04 1.065029513804920569e+01 2.948345337207207829e+07 1.417783765310623124e+07 1.165252675800556690e+07 7.247553223734968342e+05 1.282778538188904204e+05
4.500000000000000000e+03 1.420000000000000000e+02 3.779191773024335504e+06 1.390150075746780749e+04 1.034801951819947874e+01 3.415736561708431691e+07 1.642540235247820616e+07 1.349976245364373364e+07 7.572183683308043983e+05 1.402253600725690776e+05
4.500000000000000000e+03 1.480000000000000000e+02 3.744440862426644191e+06 1.548450907221280249e+04 1.006633384054847369e+01 3.964803769069116563e+07 1.906572593613889068e+07 1.566980008287689276e+07 7.897985191966302227e+05 1.506929740076177404e+05
4.500000000000000000e+03 1.540000000000000000e+02 3.524797555158553645e+06 1.934899073100281385e+04 9.803191497226658058e+00 4.895054584051642567e+07 2.353906386743601412e+07 1.934636143288084120e+07 8.543840756031163037e+05 1.837221599469421199e+05
5.000000000000000000e+03 4.600000000000000000e+01 7.957747154594766907e+05 2.407795509470513025e+03 2.270631575724962659e+01 7.622731287614495959e+05 3.665576257475445163e+05 3.012675590511114569e+05 4.014060142698301352e+05 3.146835431210682145e+04
5.000000000000000000e+03 5.800000000000000000e+01 1.107476505533227464e+06 3.386230659591557014e+03 1.947061333727872068e+01 1.679541942851568572e+06 8.076487071181463543e+05 6.637929140556146158e+05 4.916375581792958546e+05 3.931921940490777342e+04
5.000000000000000000e+03 6.400000000000000000e+01 1.353127211358818458e+06 3.731598697857927618e+03 1.823246350886550360e+01 2.257913861619396135e+06 1.085772950703982031e+06 8.923785608748932136e+05 5.093181314418218099e+05 4.126512826737595606e+04
5.000000000000000000e+03 7.600000000000000000e+01 1.689973824709843611e+06 5.085711688853441046e+03 1.625882906040106590e+01 4.254225568167983554e+06 2.045748124685854651e+06 1.681366040879930835e+06 5.414065505466526374e+05 5.613810006137602613e+04
5.000000000000000000e+03 8.200000000000000000e+01 1.796474220333905658e+06 5.962606242385932092e+03 1.545580361081143828e+01 5.822266687215269543e+06 2.799778941181250848e+06 2.301091310737875290e+06 5.793252443549408345e+05 6.253397595036964049e+04
5.000000000000000000e+03 8.800000000000000000e+01 2.076938067197416676e+06 6.513288014534999093e+03 1.474495067628643064e+01 7.075106844054694287e+06 3.402237687271928415e+06 2.796242040431697853e+06 6.284116573685741751e+05 7.520473924008311587e+04
5.000000000000000000e+03 9.400000000000000000e+01 2.271739367403420620e+06 7.157462929544384679e+03 1.411062976071187514e+01 8.703803098051484674e+06 4.185436004781839903e+06 3.439939589726862032e+06 6.633701720170560293e+05 7.642141126021726814e+04
5.000000000000000000e+03 1.000000000000000000e+02 2.509094265520193614e+06 7.839453643883764926e+03 1.354040425826175920e+01 1.080872808803122118e+07 5.197640525171155110e+06 4.271853492749060504e+06 6.774244928003582172e+05 8.163511817540309858e+04
5.000000000000000000e+03 1.060000000000000000e+02 2.774156061962476000e+06 8.506541287145711976e+03 1.302452575988842121e+01 1.310824041507889889e+07 6.303417112559678033e+06 5.180672706805855967e+06 6.937732335207151482e+05 8.807622022754613135e+04
5.000000000000000000e+03 1.120000000000000000e+02 3.023065187841662206e+06 9.239278254640728846e+03 1.255508371210896001e+01 1.575911310310615785e+07 7.578153899177236483e+06 6.228357472205944359e+06 6.958993371704268502e+05 9.511014883224015648e+04
5.000000000000000000e+03 1.180000000000000000e+02 3.258911053836774081e+06 1.006298498593582735e+04 1.212581159388849272e+01 1.877743900080772862e+07 9.029589523822028190e+06 7.421268046265909448e+06 7.154920279645723058e+05 1.031414364273605606e+05
5.000000000000000000e+03 1.240000000000000000e+02 3.487964964250244666e+06 1.096859052519017314e+04 1.173141836272844607e+01 2.233890063215216249e+07 1.074220521302748658e+07 8.828838130853140727e+06 7.329698097379104001e+05 1.118165056198509992e+05
5.000000000000000000e+03 1.300000000000000000e+02 3.685068754161033779e+06 1.196083777037614345e+04 1.136767167002885515e+01 2.625133228190246969e+07 1.262359339571499266e+07 1.037511949458130449e+07 7.601509498443529010e+05 1.167872987450187211e+05
5.000000000000000000e+03 1.360000000000000000e+02 3.928589450212647207e+06 1.301085064226318536e+04 1.103076788213331838e+01 3.038664321821448579e+07 1.461215851935423911e+07 1.200948778685514443e+07 7.725501629032464698e+05 1.317175729657566117e+05
5.000000000000000000e+03 1.420000000000000000e+02 4.099868480381263886e+06 1.419404681317152244e+04 1.071785261976648052e+01 3.499970467580816150e+07 1.683046163345000148e+07 1.383267387678083405e+07 8.042437520628084894e+05 1.420035943469138001e+05
5.000000000000000000e+03 1.480000000000000000e+02 4.076768867692204192e+06 1.576360749189782837e+04 1.042615578786866237e+01 4.056959975800388306e+07 1.950888153303369507e+07 1.603402222853288241e+07 8.403846973350677872e+05 1.522788921189234825e+05
5.000000000000000000e+03 1.540000000000000000e+02 3.912806089519135654e+06 1.840559432203798497e+04 1.015354829552427418e+01 4.928577820579937100e+07 2.370026852657375857e+07 1.947885283601848036e+07 8.988161204872991657e+05 1.732055201998676639e+05
5.500000000000000000e+03 4.600000000000000000e+01 9.201985643294097390e+05 2.325689097221549673e+03 2.345618596369780917e+01 7.434167417169749970e+05 3.574900721313885879e+05 2.938150889546748367e+05 4.271342322649709531e+05 3.132148174132069471e+04
5.500000000000000000e+03 5.200000000000000000e+01 9.679266067819795571e+05 3.117578233306574475e+03 2.161525336385421880e+01 1.275006965544112027e+06 6.131181967030750820e+05 5.039115532076527597e+05 5.022400984350139624e+05 3.764228351701872452e+04
5.500000000000000000e+03 5.800000000000000000e+01 1.217036213404015405e+06 3.443462977424529527e+03 2.009759292249756513e+01 1.717747567665383685e+06 8.260208136421008967e+05 6.788926399876862997e+05 5.075348528438622598e+05 4.242257241860273643e+04
5.500000000000000000e+03 6.400000000000000000e+01 1.394627460642151069e+06 4.439143722126220382e+03 1.882117485703249571e+01 2.806403376665890217e+06 1.349527511630901136e+06 1.109154006746469997e+06 5.350885480118081905e+05 4.719491978802766971e+04
5.500000000000000000e+03 7.000000000000000000e+01 1.695319964021038031e+06 4.347778168662749522e+03 1.772954322637735913e+01 3.147389740244979039e+06 1.513499121188917197e+06 1.243919519984619692e+06 5.560401034867189592e+05 4.849993436014191684e+04
5.500000000000000000e+03 7.600000000000000000e+01 1.907598065821411787e+06 4.959170381733522845e+03 1.678366838399756134e+01 4.212345540292805992e+06 2.025609091831437778e+06 1.664814107858957490e+06 5.796918385441678111e+05 5.457169705188679654e+04
5.500000000000000000e+03 8.200000000000000000e+01 2.090014884373036912e+06 5.672352738866684376e+03 1.595466051062187951e+01 5.504482188042840920e+06 2.646964514014853630e+06 2.175495698407274205e+06 6.121839638929148205e+05 6.062335373868132592e+04
5.500000000000000000e+03 8.800000000000000000e+01 2.276370239281389862e+06 6.441307384559878301e+03 1.522091974540875370e+01 7.063702226299596019e+06 3.396753498666645493e+06 2.791734677882303018e+06 6.528216384789748117e+05 6.855870617999129172e+04
5.500000000000000000e+03 9.400000000000000000e+01 2.454087014268565457e+06 7.303573911084754400e+03 1.456612558398451718e+01 8.893578047564251348e+06 4.276693917851381004e+06 3.514942936495302711e+06 6.998268805339601822e+05 7.834804669597678003e+04
5.500000000000000000e+03 1.000000000000000000e+02 2.546317565543196164e+06 8.377483352420444135e+03 1.397752726529203215e+01 1.134383231366293505e+07 5.454958443216804415e+06 4.483338769891043194e+06 7.450074109460411128e+05 8.359985562796163140e+04
5.500000000000000000e+03 1.060000000000000000e+02 2.926188337899431121e+06 8.872397778173894039e+03 1.344500466369509084e+01 1.354863449027941376e+07 6.515191344797248021e+06 5.354726393142411485e+06 7.428238309704927960e+05 9.105547308074939065e+04
5.500000000000000000e+03 1.120000000000000000e+02 3.222683636078319047e+06 9.583245747052320439e+03 1.296038739466058054e+01 1.625957918432984501e+07 7.818815220662625507e+06 6.426152972256057896e+06 7.566369743993106531e+05 9.871061953097318474e+04
5.500000000000000000e+03 1.180000000000000000e+02 3.489521597472435329e+06 1.039255374466473586e+04 1.251722644567576026e+01 1.935494774879707769e+07 9.307298690686363727e+06 7.649512548495848663e+06 7.690645381456582109e+05 1.061600824011997320e+05
5.500000000000000000e+03 1.240000000000000000e+02 3.736420089125741739e+06 1.131298860318063817e+04 1.211010977469197059e+01 2.288173667780615017e+07 1.100324116530933976e+07 9.043379197917716578e+06 7.917038245488960529e+05 1.129091506015486520e+05
5.500000000000000000e+03 1.300000000000000000e+02 3.979323390379957389e+06 1.226827743653658217e+04 1.173456414448015828e+01 2.697312737852559984e+07 1.297068617245275527e+07 1.066038922099555284e+07 8.053064180684214225e+05 1.213478610409390094e+05
5.500000000000000000e+03 1.360000000000000000e+02 4.231879834595870227e+06 1.332012158925600670e+04 1.138687675464588800e+01 3.132225922769263759e+07 1.506207229711385071e+07 1.237926436791161075e+07 8.282623700609954540e+05 1.331010526011446491e+05
5.500000000000000000e+03 1.420000000000000000e+02 4.402817930780480616e+06 1.450422747921322298e+04 1.106378933438633538e+01 3.591844896229632199e+07 1.727226223170986027e+07 1.419578237180566788e+07 8.538783893583231838e+05 1.432492743553656619e+05
5.500000000000000000e+03 1.480000000000000000e+02 4.390656021931375377e+06 1.607150389610669117e+04 1.076272884942050290e+01 4.159408697301489860e+07 2.000153119753560424e+07 1.643892271747826785e+07 8.908201155005666660e+05 1.542755570153575682e+05
5.500000000000000000e+03 1.540000000000000000e+02 4.251084830182833597e+06 1.845731512459626174e+04 1.048130553675033028e+01 5.064269135158050060e+07 2.435277330772919953e+07 2.001513556178904325e+07 9.540349613742135698e+05 1.719223563414046657e+05
5.500000000000000000e+03 1.600000000000000000e+02 4.096300889886140358e+06 2.316340082561701638e+04 1.026602623976172524e+01 6.181323630796997994e+07 2.972440229873583466e+07 2.442998725379369408e+07 1.010235092535464210e+06 2.140176688830470957e+05
6.000000000000000000e+03 4.600000000000000000e+01 9.549296585513720056e+05 2.409056404224419566e+03 2.414646268367281223e+01 7.625009527168541681e+05 3.666671804531094385e+05 3.013576002244761912e+05 4.426292079698129091e+05 3.305026541733058548e+04
#6.000000000000000000e+03 5.200000000000000000e+01 9.549296585513720056e+05 3.385840334131759391e+03 2.225135635708053172e+01 1.286972583091577515e+06 6.188721557412595721e+05 5.086406355471040588e+05 5.235228093176023103e+05 3.847514928753335698e+04
6.000000000000000000e+03 5.800000000000000000e+01 1.324779897334180772e+06 3.518390604928000357e+03 2.068904698788857388e+01 1.786213039912020322e+06 8.589441058394641150e+05 7.059517411481060553e+05 5.393326498732939363e+05 4.390803947835914005e+04
6.000000000000000000e+03 6.400000000000000000e+01 1.566708239465140738e+06 3.944450135837676953e+03 1.937488287101409057e+01 2.371379312426023651e+06 1.140335580137910554e+06 9.372226700417587999e+05 5.666573481375025585e+05 4.916801272455742583e+04
6.000000000000000000e+03 7.000000000000000000e+01 1.809770691649412503e+06 4.493849433036038135e+03 1.825128106620513080e+01 3.233522152780765202e+06 1.554917992519624066e+06 1.277960995016019093e+06 6.039893303880632157e+05 5.266577696101039328e+04
6.000000000000000000e+03 7.600000000000000000e+01 2.035811923560621450e+06 5.064092358121830330e+03 1.727758321461792690e+01 4.274401515060690232e+06 2.055450220838995185e+06 1.689340030835193349e+06 6.139732919170939131e+05 5.525949487700200552e+04
6.000000000000000000e+03 8.200000000000000000e+01 2.254406995757825207e+06 5.749586919179672805e+03 1.642415311124384658e+01 5.573735927800402977e+06 2.680266863870629109e+06 2.202866340693748556e+06 6.570107700509324204e+05 6.243537577942646021e+04
6.000000000000000000e+03 8.800000000000000000e+01 2.444394431513304356e+06 6.555433587320960214e+03 1.566884338942041843e+01 7.218029982632865198e+06 3.470965764341527596e+06 2.852728493209235370e+06 6.964924619258677121e+05 7.127044167079497129e+04
6.000000000000000000e+03 9.400000000000000000e+01 2.626364905768790282e+06 7.482888011023041145e+03 1.499478197687500369e+01 9.128985849977273494e+06 4.389895501219759695e+06 3.607981417505108286e+06 7.235331712083120365e+05 7.709129459871121799e+04
6.000000000000000000e+03 1.000000000000000000e+02 2.836759345130873378e+06 8.326638203565487856e+03 1.438882894547329450e+01 1.129996567202374525e+07 5.433864098680606112e+06 4.466001682236017659e+06 7.727216452563194325e+05 8.646781365966534941e+04
6.000000000000000000e+03 1.060000000000000000e+02 3.026258708804301452e+06 9.298384290146954299e+03 1.384059805820683131e+01 1.380098004594648071e+07 6.636537859928324819e+06 5.454459056835723110e+06 8.150050609900938580e+05 9.155227390825538896e+04
6.000000000000000000e+03 1.120000000000000000e+02 3.367558211716545746e+06 9.989041432609843469e+03 1.334176826614455535e+01 1.674225897925161570e+07 8.050923572573591955e+06 6.616918930195105262e+06 8.099209666639134521e+05 1.013736611083600001e+05
6.000000000000000000e+03 1.180000000000000000e+02 3.681407653816730715e+06 1.082906184390741146e+04 1.288558422993625108e+01 1.996499167782725021e+07 9.600653192884726450e+06 7.890615689192263409e+06 8.298244679880766198e+05 1.166175196524064377e+05
6.000000000000000000e+03 1.240000000000000000e+02 3.971316029444651678e+06 1.163688234391872356e+04 1.246649223434242160e+01 2.350183958606554195e+07 1.130143277300779708e+07 9.288457874422220513e+06 8.456159758600966306e+05 1.173106268627262180e+05
6.000000000000000000e+03 1.300000000000000000e+02 4.261277060994460247e+06 1.260140311980331899e+04 1.207989444987481065e+01 2.768438784016862884e+07 1.331271311302140355e+07 1.094149542170464247e+07 8.611354858321335632e+05 1.259524204892728012e+05
6.000000000000000000e+03 1.360000000000000000e+02 4.526180295703800395e+06 1.364946028694392771e+04 1.172197585542285481e+01 3.233512975006264076e+07 1.554913579162909836e+07 1.277957367752224579e+07 8.802489025158280274e+05 1.348518657934739022e+05
6.000000000000000000e+03 1.420000000000000000e+02 4.690075517974567600e+06 1.483154401338016578e+04 1.138940530007742780e+01 3.690769152269851416e+07 1.774796364442872256e+07 1.458675337712770700e+07 9.090639694251163164e+05 1.447369903529585281e+05
6.000000000000000000e+03 1.480000000000000000e+02 4.686862754404801875e+06 1.640865387197970631e+04 1.107944790928599765e+01 4.273113571587754041e+07 2.054830881807192415e+07 1.688831006482049078e+07 9.434403144673550269e+05 1.561944370507739368e+05
6.000000000000000000e+03 1.540000000000000000e+02 4.552749356579620391e+06 1.880968332043195187e+04 1.078980748873107132e+01 5.168685925885829329e+07 2.485488691311815381e+07 2.042781430487449467e+07 1.004643501464233152e+06 1.743956604505297437e+05
6.000000000000000000e+03 1.600000000000000000e+02 4.343579221315783449e+06 2.221918418189500153e+04 1.055788719065619929e+01 6.317931933009360731e+07 3.038131663858313859e+07 2.496989412182805687e+07 1.067414259109426290e+06 2.003833286205536278e+05
6.500000000000000000e+03 4.600000000000000000e+01 1.034507130097319721e+06 2.414679466394002702e+03 2.479939237009814335e+01 7.624478922178992070e+05 3.666416650180454599e+05 3.013366295167350327e+05 4.689483614425398409e+05 3.374403086225036532e+04
6.500000000000000000e+03 5.200000000000000000e+01 1.179379923463994171e+06 3.091593548267658662e+03 2.285309548637405896e+01 1.276171304830499925e+06 6.136780976470798487e+05 5.043717263942471473e+05 5.126533739228864433e+05 3.760919555573903926e+04
6.500000000000000000e+03 5.800000000000000000e+01 1.265717992602359969e+06 3.869476885960268191e+03 2.124847789134509313e+01 1.913827683829522226e+06 9.203107198784812354e+05 7.563879310406586155e+05 5.775950478249688167e+05 4.163949348595619085e+04
#6.500000000000000000e+03 6.400000000000000000e+01 1.553115485189203871e+06 4.982232277665873880e+03 1.990658551229899942e+01 2.858922941195540596e+06 1.374782825183096807e+06 1.129910924983878620e+06 6.019145675164614804e+05 5.988206985078639264e+04
6.500000000000000000e+03 7.000000000000000000e+01 1.900978148045245791e+06 4.596424825070491352e+03 1.874480079721408998e+01 3.287065946854593232e+06 1.580665831829016795e+06 1.299122711905039381e+06 6.436980989940223517e+05 5.224920747706157999e+04
6.500000000000000000e+03 7.600000000000000000e+01 2.158484758940604050e+06 5.180678603405746799e+03 1.774477080180748345e+01 4.356445839133378118e+06 2.094903235124060418e+06 1.721765800962415524e+06 6.494817609010407468e+05 5.636772552559655014e+04
#6.500000000000000000e+03 8.200000000000000000e+01 2.487615285093597136e+06 9.593921250337782112e+03 1.687006719453343351e+01 1.218365995869436860e+07 5.858810049661418423e+06 4.815257625607972033e+06 6.887784523464669473e+05 1.144737843385629967e+05
6.500000000000000000e+03 8.800000000000000000e+01 2.629319401479843073e+06 6.624221071423710782e+03 1.609252915298030118e+01 7.284124787416519597e+06 3.502749063268920407e+06 2.878850653038593009e+06 7.282592566685893107e+05 7.060207709866759251e+04
6.500000000000000000e+03 9.400000000000000000e+01 2.790566918143698480e+06 7.608542712314471828e+03 1.540024347709302610e+01 9.187409786143500358e+06 4.417990075880571268e+06 3.631071876783865504e+06 7.916963373145237565e+05 7.562531004442524863e+04
6.500000000000000000e+03 1.000000000000000000e+02 3.032786872257580981e+06 8.453739227231430050e+03 1.477790171173052336e+01 1.148663484916255251e+07 5.523628525354581885e+06 4.539777557607700117e+06 8.043658233208695892e+05 8.744348671486745297e+04
#6.500000000000000000e+03 1.060000000000000000e+02 2.985538947234071326e+06 1.084916221928638333e+04 1.421514601322128790e+01 1.613966030866168253e+07 7.761149304485496134e+06 6.378758323811081238e+06 8.590580938891852275e+05 1.022630048054852086e+05
6.500000000000000000e+03 1.120000000000000000e+02 3.529842086157251615e+06 1.033092144533262763e+04 1.370253464343837990e+01 1.712644481093544513e+07 8.235668700001455843e+06 6.768757849037054926e+06 8.727977239751577144e+05 1.044015545296261553e+05
6.500000000000000000e+03 1.180000000000000000e+02 3.836965688088843599e+06 1.121031869200893743e+04 1.323407063878194379e+01 2.050159351928713173e+07 9.858691276028085500e+06 8.102692857938352041e+06 8.763346535169139970e+05 1.125577916768780124e+05
6.500000000000000000e+03 1.240000000000000000e+02 4.199748263034299016e+06 1.199161238052248700e+04 1.280373417786067236e+01 2.413847744730466604e+07 1.160757561613278091e+07 9.540071537843186408e+06 8.976987414391458733e+05 1.199117208799368236e+05
6.500000000000000000e+03 1.300000000000000000e+02 4.503619997226811945e+06 1.294840523635706450e+04 1.240674428227221426e+01 2.837149170575548336e+07 1.364312376519893482e+07 1.121305438999239355e+07 9.126880778565107612e+05 1.281515722712848801e+05
6.500000000000000000e+03 1.360000000000000000e+02 4.816736223682518117e+06 1.400111729727259444e+04 1.203945827376778688e+01 3.310122422041819245e+07 1.591753100268439204e+07 1.308235151708951034e+07 9.290853597080881009e+05 1.389184642279867840e+05
6.500000000000000000e+03 1.420000000000000000e+02 4.961648394178635441e+06 1.518574541846292414e+04 1.169734248580950897e+01 3.799105777617158741e+07 1.826892673063030839e+07 1.501492419205921702e+07 9.622159899509331444e+05 1.462339894844673690e+05
6.500000000000000000e+03 1.480000000000000000e+02 4.964378012772823684e+06 1.678491408507909728e+04 1.137903684088588641e+01 4.401496916605152935e+07 2.116567144518655166e+07 1.739571004413042963e+07 9.968997644680532394e+05 1.582488180665909313e+05
6.500000000000000000e+03 1.540000000000000000e+02 4.816202429581456818e+06 1.928557500902333049e+04 1.108150970697811921e+01 5.314424302689891309e+07 2.555570544345777109e+07 2.100380529003712535e+07 1.057838111591859255e+06 1.780320940266049292e+05
6.500000000000000000e+03 1.600000000000000000e+02 4.575171396674756892e+06 2.311068194845485414e+04 1.084071008408872316e+01 6.503128882331139594e+07 3.127188133878948539e+07 2.570183429865862802e+07 1.127411895857447758e+06 2.076216228110333905e+05
7.000000000000000000e+03 4.600000000000000000e+01 1.151466448569983477e+06 2.424297964695244900e+03 2.541967090304114762e+01 8.063106130819814280e+05 3.877341241539057810e+05 3.186721675928748446e+05 4.965616674601988052e+05 3.193659798404800313e+04
7.000000000000000000e+03 5.200000000000000000e+01 1.296659964412129717e+06 2.953316918626999723e+03 2.342462544637087163e+01 1.169211874174320372e+06 5.622440466838220600e+05 4.620989433517164434e+05 5.543822130857167067e+05 3.466598624208536057e+04
7.000000000000000000e+03 5.800000000000000000e+01 1.517497496295186225e+06 3.569160467237053581e+03 2.177990336997640242e+01 1.802802385665179696e+06 8.669214973577294732e+05 7.125082253172775963e+05 5.914548613996283384e+05 4.458034245808206470e+04
7.000000000000000000e+03 6.400000000000000000e+01 1.767462815905945376e+06 4.133373557472322318e+03 2.039644591834885290e+01 2.502155636818922125e+06 1.203222565346664051e+06 9.889084274756330997e+05 6.323547253980586538e+05 4.824655373748069542e+04
7.000000000000000000e+03 7.000000000000000000e+01 1.999097862936159596e+06 4.754634777004936950e+03 1.921360962725945143e+01 3.366859925379329361e+06 1.619036712571595330e+06 1.330659094639904331e+06 6.612167024586520856e+05 6.189588818082163925e+04
7.000000000000000000e+03 7.600000000000000000e+01 2.280034545227755792e+06 5.293865581060839759e+03 1.818857083604333980e+01 4.435648439221180975e+06 2.132989737121565267e+06 1.753068457580685150e+06 6.933149240581963677e+05 5.840437508832006279e+04
7.000000000000000000e+03 8.200000000000000000e+01 2.547120878937524278e+06 5.961586300763280633e+03 1.729014943575404573e+01 5.762158676889305003e+06 2.770874538386291824e+06 2.277335267310573254e+06 7.313079241216839291e+05 6.479854058906606951e+04
7.000000000000000000e+03 8.800000000000000000e+01 2.775766776672474109e+06 6.759282281600373608e+03 1.649505166041655713e+01 7.395252130054002628e+06 3.556187356363438535e+06 2.922770689042785205e+06 7.469118235888117924e+05 7.300579977080022218e+04
7.000000000000000000e+03 9.400000000000000000e+01 3.007998388635029551e+06 7.624256521896488266e+03 1.578540520655425716e+01 9.363306162222033367e+06 4.502574138416929170e+06 3.700590097835705150e+06 7.867763378694383428e+05 8.130228580254960980e+04
7.000000000000000000e+03 1.000000000000000000e+02 3.239270847720120102e+06 8.551300824465151891e+03 1.514753718966512430e+01 1.165355438560715318e+07 5.603895855608539656e+06 4.605747928863362409e+06 8.432101978609855287e+05 8.872600170959642855e+04
7.000000000000000000e+03 1.060000000000000000e+02 3.400585358633778524e+06 9.950686945517070853e+03 1.457036387832222957e+01 1.493593500886335038e+07 7.182308635310588405e+06 5.903018895048141479e+06 8.810142259335102281e+05 1.034080303642740910e+05
7.000000000000000000e+03 1.120000000000000000e+02 3.697861129548839293e+06 1.065360968854402927e+04 1.404523976739308466e+01 1.739737293341046944e+07 8.365951095609504730e+06 6.875834762884156778e+06 9.281725752409524284e+05 1.083156226023924683e+05
7.000000000000000000e+03 1.180000000000000000e+02 4.020034093496036716e+06 1.156205369638826960e+04 1.356501093832240024e+01 2.098211879799773172e+07 1.008976357627042569e+07 8.292607302403574809e+06 9.495605475498960586e+05 1.160304115955609741e+05
7.000000000000000000e+03 1.240000000000000000e+02 4.366392600597604178e+06 1.240766193351948823e+04 1.312381655392067437e+01 2.478945080879332870e+07 1.192061203419449925e+07 9.797350914779428393e+06 9.538993742709439248e+05 1.225094360127201799e+05
7.000000000000000000e+03 1.300000000000000000e+02 4.728990815064110793e+06 1.332264674294360520e+04 1.271685525669394323e+01 2.905298050402353331e+07 1.397083427530516125e+07 1.148239415684011206e+07 9.698965487300524255e+05 1.314380936338672473e+05
7.000000000000000000e+03 1.360000000000000000e+02 5.040476711494654417e+06 1.436670101137280471e+04 1.233999897278161484e+01 3.386510023231896758e+07 1.628485941388367862e+07 1.338425257176392153e+07 9.910427587705926271e+05 1.387508767877463251e+05
7.000000000000000000e+03 1.420000000000000000e+02 5.214636764045625925e+06 1.556551420704272459e+04 1.198994511641789806e+01 3.904791635782673210e+07 1.877714295631817356e+07 1.543261857632119395e+07 1.014940505848507164e+06 1.487626989191203611e+05
7.000000000000000000e+03 1.480000000000000000e+02 5.217930366490894929e+06 1.721314107792636059e+04 1.166388958594481018e+01 4.529176387318695337e+07 2.177964932103668898e+07 1.790032815319727361e+07 1.050574799319147598e+06 1.621312714219496411e+05
7.000000000000000000e+03 1.540000000000000000e+02 5.063644347566400655e+06 1.982330809202513046e+04 1.135867120515037954e+01 5.404125822947615385e+07 2.598705708174838498e+07 2.135832596027414873e+07 1.113366312340430450e+06 1.830042718411065871e+05
7.000000000000000000e+03 1.600000000000000000e+02 4.825267633740857244e+06 2.356299021300427921e+04 1.111209456704269805e+01 6.724756726279896498e+07 3.233763288127665594e+07 2.657775760022757947e+07 1.182604275757519994e+06 2.088219596364799363e+05
7.500000000000000000e+03 4.600000000000000000e+01 1.193662073189215036e+06 2.498569075497521226e+03 2.601100101656318131e+01 8.133551714995927177e+05 3.911216718852486229e+05 3.214563362051346339e+05 5.350123744085031794e+05 2.909744963522292164e+04
7.500000000000000000e+03 5.200000000000000000e+01 1.363178244272615295e+06 3.006988820127243343e+03 2.396955614675452395e+01 1.221461408188988222e+06 5.873695094768650597e+05 4.827491394300345564e+05 5.855905014003453543e+05 4.071094990564573527e+04
7.500000000000000000e+03 5.800000000000000000e+01 1.594044823020943906e+06 3.705170342267404521e+03 2.228660211748153586e+01 1.852763828595492058e+06 8.909466757464957191e+05 7.322541161146389786e+05 6.184969461238650838e+05 5.279025810137527151e+04
7.500000000000000000e+03 6.400000000000000000e+01 1.871152755689520156e+06 4.129213071925022632e+03 2.087094704405830825e+01 2.484205095019530971e+06 1.194590609510101844e+06 9.818139678816889646e+05 6.615058408718147548e+05 4.899179737055936130e+04
7.500000000000000000e+03 7.600000000000000000e+01 2.298337093343952205e+06 5.767078791802235173e+03 1.861172297472539228e+01 4.759442853332961909e+06 2.288694178467909805e+06 1.881039324049951043e+06 7.162593817929994548e+05 6.695162066776804568e+04
7.500000000000000000e+03 8.200000000000000000e+01 2.670151214045731351e+06 6.076397799388249041e+03 1.769237714387208626e+01 5.844789760595553555e+06 2.810609710352176335e+06 2.309992938098966144e+06 7.555508796796222450e+05 6.508922186074877391e+04
7.500000000000000000e+03 8.800000000000000000e+01 2.936021998998367693e+06 6.838474462777889130e+03 1.687874955462343607e+01 7.495910895166076720e+06 3.604591578627067618e+06 2.962553306740048807e+06 7.875854504924203502e+05 7.140722979940881487e+04
7.500000000000000000e+03 9.400000000000000000e+01 3.188541365508896764e+06 7.708796890439338313e+03 1.615264327614143980e+01 9.473062849718812853e+06 4.555353318556867540e+06 3.743968419967323542e+06 8.265278378436145140e+05 7.928133593179033778e+04
7.500000000000000000e+03 1.000000000000000000e+02 3.445126484071745072e+06 8.760379121202407987e+03 1.550005930529159315e+01 1.188468929206195846e+07 5.715042712739809416e+06 4.697097664872406051e+06 8.994148206705022603e+05 9.525585392352081544e+04
7.500000000000000000e+03 1.060000000000000000e+02 3.667522144357647747e+06 9.712796594879984696e+03 1.490933729333811897e+01 1.458144106951218657e+07 7.011841578493842855e+06 5.762914882749736309e+06 9.269898662119306391e+05 9.924486033359724388e+04
7.500000000000000000e+03 1.120000000000000000e+02 3.881056899998387322e+06 1.085570299340854035e+04 1.437198872134881000e+01 1.770596832934474945e+07 8.514346718362322077e+06 6.997798634047489613e+06 9.649692623096335446e+05 1.096732733396736585e+05
7.500000000000000000e+03 1.180000000000000000e+02 4.167790820428732317e+06 1.192613869475407773e+04 1.388057321483904971e+01 2.131686307499889284e+07 1.025073352625343762e+07 8.424905802027098835e+06 1.003718339978712494e+06 1.188950596611126675e+05
7.500000000000000000e+03 1.240000000000000000e+02 4.527994978015400469e+06 1.285383940964862450e+04 1.342912930636874869e+01 2.537005395534793660e+07 1.219980921808108129e+07 1.002681839322001114e+07 1.021886929991145618e+06 1.265496298958146799e+05
7.500000000000000000e+03 1.300000000000000000e+02 4.930133557099779136e+06 1.374021614638337269e+04 1.301270151747986858e+01 2.978627239296734706e+07 1.432345556503619999e+07 1.177220767527415417e+07 1.032901245983777218e+06 1.347802124369275989e+05
7.500000000000000000e+03 1.360000000000000000e+02 5.260874498666568659e+06 1.480257520128067154e+04 1.262707594581251058e+01 3.470825132039462775e+07 1.669030917897462845e+07 1.371748492724333890e+07 1.038201768959007459e+06 1.430206390548158379e+05
7.500000000000000000e+03 1.420000000000000000e+02 5.436206534176314250e+06 1.597629306564683611e+04 1.226889846182901955e+01 3.981023327032632381e+07 1.914372163654408604e+07 1.573390343969462626e+07 1.072076123708969913e+06 1.517983893267866806e+05
7.500000000000000000e+03 1.480000000000000000e+02 5.441067580731485970e+06 1.770365946231367707e+04 1.193496933563124607e+01 4.639906680842258781e+07 2.231212294447761774e+07 1.833795928545376286e+07 1.108846726938824402e+06 1.645004488202694338e+05
7.500000000000000000e+03 1.540000000000000000e+02 5.270091837580857798e+06 2.048796857980224013e+04 1.162303194356417180e+01 5.550042944166071713e+07 2.668873514820023999e+07 2.193502338373804837e+07 1.172305699010360753e+06 1.882457210275415855e+05
7.500000000000000000e+03 1.600000000000000000e+02 5.144392432662690990e+06 2.545868580765666411e+04 1.137979176727750108e+01 6.800260708093838394e+07 3.270071219319171086e+07 2.687616639153162763e+07 1.225864469685943564e+06 2.326344659176313726e+05
8.000000000000000000e+03 4.600000000000000000e+01 1.331396223459352972e+06 2.439558999027595746e+03 2.657663706463465658e+01 8.255240110980240861e+05 3.969733552032101434e+05 3.262657364895977662e+05 5.456750012875539251e+05 3.216002413135883762e+04
8.000000000000000000e+03 5.200000000000000000e+01 1.273239544735162752e+06 3.320943158024957029e+03 2.449078601145382095e+01 1.282072658619890455e+06 6.165159075502703199e+05 5.067040747142193723e+05 6.224441917723630322e+05 3.980012138428162143e+04
8.000000000000000000e+03 5.800000000000000000e+01 1.699526642564882990e+06 3.614609706731682763e+03 2.277122320627838548e+01 1.797722366326278774e+06 8.644786461573407287e+05 7.105004869248069590e+05 6.511199038958650781e+05 4.591341571193056734e+04
8.000000000000000000e+03 6.400000000000000000e+01 1.874769908142986242e+06 4.447020845608966738e+03 2.132596219405524707e+01 2.548325349455690011e+06 1.225424397743770853e+06 1.007155740811694879e+06 7.101516815451829461e+05 4.740420465602484910e+04
8.000000000000000000e+03 7.000000000000000000e+01 2.217670714974205010e+06 4.844451316225558912e+03 2.008813447946630504e+01 3.428877649598718621e+06 1.648859447869981639e+06 1.355169900135354837e+06 7.213224004730804591e+05 5.518775824344070134e+04
8.000000000000000000e+03 7.600000000000000000e+01 2.407459038081363309e+06 5.631052764225997635e+03 1.901645079887988743e+01 4.625691952158438042e+06 2.224376795464014169e+06 1.828177946680914145e+06 7.922621721664608922e+05 5.911207323090740101e+04
8.000000000000000000e+03 8.200000000000000000e+01 2.599751912348111626e+06 6.606282780467384327e+03 1.807711253529120654e+01 6.391612732188601978e+06 3.073562873212640174e+06 2.526109728353115730e+06 8.120864872582561802e+05 7.206654763998484123e+04
8.000000000000000000e+03 8.800000000000000000e+01 3.100886475390480831e+06 6.941292678564881498e+03 1.724580400985273698e+01 7.587559545550824143e+06 3.648663067468062043e+06 2.998774923572592903e+06 8.325733547299664933e+05 7.417979586009940249e+04
8.000000000000000000e+03 9.400000000000000000e+01 3.381089213554017246e+06 7.791965329790507894e+03 1.650391650872774818e+01 9.583870683572640643e+06 4.608637968059970997e+06 3.787762178883008659e+06 8.631870267672564369e+05 8.364160597258315829e+04
8.000000000000000000e+03 1.000000000000000000e+02 3.558860642556286417e+06 8.850578907676055678e+03 1.583695427970058667e+01 1.199961205470284633e+07 5.770306126112964936e+06 4.742517736594579183e+06 9.129097306577276904e+05 8.688393948137055850e+04
8.000000000000000000e+03 1.060000000000000000e+02 3.872712122104817536e+06 9.812380155790713616e+03 1.523355294216080402e+01 1.477428697291867808e+07 7.104576234643508680e+06 5.839131939865049906e+06 9.569368998443987221e+05 9.914395975152915344e+04
8.000000000000000000e+03 1.120000000000000000e+02 4.099244240858813282e+06 1.098786541586880412e+04 1.468451992415043073e+01 1.795955752384096012e+07 8.636291267556646839e+06 7.098022811897945590e+06 1.009161338917528279e+06 1.105904709962649504e+05
8.000000000000000000e+03 1.180000000000000000e+02 4.261737903670621105e+06 1.240892560749746917e+04 1.418249680505753396e+01 2.195352721747266874e+07 1.055688900735110231e+07 8.676529852385653183e+06 1.037992887409573188e+06 1.254598168758070678e+05
8.000000000000000000e+03 1.240000000000000000e+02 4.678706338207500055e+06 1.327876230877405578e+04 1.372115082976164935e+01 2.579104650044313446e+07 1.240225375136569142e+07 1.019320415660854988e+07 1.079314894846017007e+06 1.311757565509680426e+05
8.000000000000000000e+03 1.300000000000000000e+02 5.082342747543700971e+06 1.420741784258499683e+04 1.329690007419038444e+01 3.044248727931423485e+07 1.463901249816637859e+07 1.203155862123226374e+07 1.094107806126861367e+06 1.380371703452625661e+05
8.000000000000000000e+03 1.360000000000000000e+02 5.496281546157625504e+06 1.517011592757712970e+04 1.290168491497773751e+01 3.544611298459898680e+07 1.704512795659616217e+07 1.400910452408446372e+07 1.104564297491875943e+06 1.464110148352875840e+05
8.000000000000000000e+03 1.420000000000000000e+02 5.636582292408930138e+06 1.642387377604642097e+04 1.253563501007431924e+01 4.060178225808449090e+07 1.952435727312614024e+07 1.604674147951737046e+07 1.127320896583569935e+06 1.549395113850128255e+05
8.000000000000000000e+03 1.480000000000000000e+02 5.637520210540034808e+06 1.824207412675194792e+04 1.219451868691704988e+01 4.732585323798556626e+07 2.275779080338224769e+07 1.870424621708127111e+07 1.167080645743782632e+06 1.685994938924713933e+05
8.000000000000000000e+03 1.540000000000000000e+02 5.396661335485194810e+06 2.139028778363707897e+04 1.187568711758568618e+01 5.874952433539230376e+07 2.825114167302401364e+07 2.321913907774183899e+07 1.239626096090665553e+06 1.933909177521678794e+05
8.000000000000000000e+03 1.600000000000000000e+02 5.385127480818389915e+06 2.609411616918845539e+04 1.163395729430946268e+01 6.948984901571786404e+07 3.341588875124608353e+07 2.746395799863901362e+07 1.280014779264002340e+06 2.379012659061719605e+05
8.500000000000000000e+03 4.600000000000000000e+01 1.352817016281110467e+06 2.633556833503902908e+03 2.711917031035918768e+01 8.800147251446463633e+05 4.231765440768258413e+05 3.478016975413160399e+05 5.843534278746523196e+05 3.507246082830354862e+04
8.500000000000000000e+03 5.200000000000000000e+01 1.558210066160893766e+06 3.012410877329218692e+03 2.499073912902004935e+01 1.195885807559252717e+06 5.750708581271371804e+05 4.726410843481168849e+05 5.961402990780142136e+05 3.775347003688415862e+04
8.500000000000000000e+03 5.800000000000000000e+01 1.653205484603826422e+06 3.889431356150890679e+03 2.323607438516170376e+01 1.885057800862903707e+06 9.064760199587643147e+05 7.450174234253340401e+05 6.704739486388320802e+05 5.695190840067590034e+04
8.500000000000000000e+03 6.400000000000000000e+01 2.033868083331165370e+06 4.338706885181928556e+03 2.176012681195456366e+01 2.613313748552455101e+06 1.256675654511473607e+06 1.032840624121610308e+06 7.218356033609395381e+05 4.646205580678107799e+04
8.500000000000000000e+03 7.000000000000000000e+01 2.331973892618482932e+06 4.908547842255446994e+03 2.049824319701446029e+01 3.472808583214284852e+06 1.669984708771096542e+06 1.372532397431700956e+06 7.542537185435225256e+05 5.715091072757326037e+04
8.500000000000000000e+03 7.600000000000000000e+01 2.609231059692137875e+06 5.627178945501398630e+03 1.940483080639469193e+01 4.652985528977551498e+06 2.237501577565710526e+06 1.838964984759284649e+06 8.015387923522914061e+05 6.161149889750501461e+04
8.500000000000000000e+03 8.200000000000000000e+01 2.918207151221214328e+06 6.334878835623042505e+03 1.844620270370626969e+01 6.044711305856714025e+06 2.906746861462017987e+06 2.389006448702991009e+06 8.304123447866200004e+05 6.869563723136234330e+04
8.500000000000000000e+03 8.800000000000000000e+01 3.244852092198707629e+06 7.055737139791285699e+03 1.759784518179390389e+01 7.694260046604964882e+06 3.699972605816906318e+06 3.040945371787580661e+06 8.654788190813958645e+05 7.523108181188369053e+04
8.500000000000000000e+03 9.400000000000000000e+01 3.408980622200916987e+06 8.131167510315659456e+03 1.684080728561836082e+01 9.814130863150358200e+06 4.719364191437871195e+06 3.878766203071507160e+06 9.109692190065858886e+05 9.901352300131246739e+04
8.500000000000000000e+03 1.000000000000000000e+02 3.820402189635635354e+06 8.877485905529118099e+03 1.616024626713164380e+01 1.216162928570799157e+07 5.848216063229510561e+06 4.806550606005111709e+06 9.529831464656961616e+05 9.226847280527488329e+04
8.500000000000000000e+03 1.060000000000000000e+02 4.081463799771902617e+06 9.916558973505139875e+03 1.554454392274954877e+01 1.493658855841055885e+07 7.182622910550386645e+06 5.903277192591866478e+06 9.903603953287785407e+05 9.939503938432520954e+04
8.500000000000000000e+03 1.120000000000000000e+02 4.337371237040559761e+06 1.109255331206643314e+04 1.498428392777254281e+01 1.822870509153402597e+07 8.765717439970199019e+06 7.204396010275254957e+06 1.042379955228888080e+06 1.125336149828875641e+05
8.500000000000000000e+03 1.180000000000000000e+02 4.534479177661955357e+06 1.248031674568972630e+04 1.447193676553667530e+01 2.205568525883632898e+07 1.060601419316753745e+07 8.716905017923861742e+06 1.105308702462834539e+06 1.233939504119412013e+05
8.500000000000000000e+03 1.240000000000000000e+02 4.823295848063790239e+06 1.369775640489167745e+04 1.400125024065610901e+01 2.609492330126692355e+07 1.254838032257346064e+07 1.031330313239849173e+07 1.133067032694008667e+06 1.353025738237144542e+05
8.500000000000000000e+03 1.300000000000000000e+02 5.230730412829016335e+06 1.476351099042329770e+04 1.356706157070451901e+01 3.093651297509335726e+07 1.487657680323024653e+07 1.222680873547639325e+07 1.160609855112989899e+06 1.457583714759653667e+05
8.500000000000000000e+03 1.360000000000000000e+02 5.650644606224014424e+06 1.568204227570054172e+04 1.316505086061988727e+01 3.630023462181474268e+07 1.745585317781197280e+07 1.434667268839169107e+07 1.165815169623114401e+06 1.494412073330516578e+05
8.500000000000000000e+03 1.420000000000000000e+02 5.808517243622231297e+06 1.692699348990135331e+04 1.279153105709618288e+01 4.142136616639362276e+07 1.991847418502466381e+07 1.637065955320711061e+07 1.188017397134162486e+06 1.591979063798194402e+05
8.500000000000000000e+03 1.480000000000000000e+02 5.807861471023581922e+06 1.885255974096245336e+04 1.244343211608964417e+01 4.852356410812916607e+07 2.333373928736620396e+07 1.917760860738804936e+07 1.227634877671656664e+06 1.743923254264485149e+05
8.500000000000000000e+03 1.540000000000000000e+02 5.477355802275213413e+06 2.268150064820094485e+04 1.212288923520821271e+01 6.026260736910585314e+07 2.897874455376323685e+07 2.381714367085820436e+07 1.312723279340751003e+06 2.049431527647042240e+05
8.500000000000000000e+03 1.600000000000000000e+02 5.619562928922982886e+06 2.642675463631405728e+04 1.187963671710153868e+01 7.084990937955695391e+07 3.406990694896510243e+07 2.800148457607684284e+07 1.332670040798967471e+06 2.403266972837229259e+05
9.000000000000000000e+03 4.600000000000000000e+01 1.439679114545304794e+06 4.849045179752957665e+03 2.764085772508727601e+01 1.100564005429008743e+06 5.292330446814345196e+05 4.349677549749669270e+05 6.064315624960712157e+05 9.403401816434501961e+04
9.000000000000000000e+03 5.200000000000000000e+01 1.432394487827058183e+06 3.320269610410713085e+03 2.544277657672554582e+01 1.279381060539287515e+06 6.152215869653435657e+05 5.056402943537500687e+05 6.544981731906633358e+05 3.836006186210253509e+04
9.000000000000000000e+03 5.800000000000000000e+01 1.763229682638315251e+06 3.958110686782265020e+03 2.368305129613331417e+01 1.960760179368594429e+06 9.428793550383772235e+05 7.749367134097906528e+05 7.004421191767500713e+05 5.656662535032481537e+04
9.000000000000000000e+03 6.400000000000000000e+01 2.080959382346325088e+06 4.542413759824400586e+03 2.217879121490370764e+01 2.728990361174147110e+06 1.312301575034241192e+06 1.078558634384496137e+06 7.174506446147911483e+05 6.690328187565991539e+04
9.000000000000000000e+03 7.000000000000000000e+01 2.353323678980395664e+06 5.179227017508223980e+03 2.089250224661939725e+01 3.449505249788642861e+06 1.658778732526878361e+06 1.363322393675823696e+06 8.109281460730835097e+05 6.469784965890055901e+04
9.000000000000000000e+03 7.600000000000000000e+01 2.484877900857537519e+06 6.553261622909817561e+03 1.977789737390129687e+01 5.523965321117918938e+06 2.656333453746112529e+06 2.183195872692223173e+06 8.526901627511584666e+05 6.287527768062669929e+04
9.000000000000000000e+03 8.200000000000000000e+01 3.033707043299413286e+06 6.449087196945805772e+03 1.880096261425162396e+01 6.134702183450504206e+06 2.950021169823530130e+06 2.424572876282039098e+06 8.679134681071122177e+05 7.027509736064210301e+04
9.000000000000000000e+03 8.800000000000000000e+01 3.348692583067458123e+06 7.228537938525409118e+03 1.793634978897340915e+01 7.849163241323016584e+06 3.774461585074009374e+06 3.102166613362437114e+06 8.852998212986863218e+05 7.507480223616900912e+04
9.000000000000000000e+03 9.400000000000000000e+01 3.702714496178122237e+06 8.016250432320830441e+03 1.716473992189942166e+01 9.839131823059499264e+06 4.731386512781658210e+06 3.888647147160405759e+06 9.345493560257857898e+05 8.305899851135526842e+04
9.000000000000000000e+03 1.000000000000000000e+02 3.977689660070376936e+06 9.041376265826374947e+03 1.647112844668762932e+01 1.230318450999963656e+07 5.916286345351111144e+06 4.862496428157558665e+06 9.605172940060442779e+05 9.527282750295457663e+04
9.000000000000000000e+03 1.060000000000000000e+02 4.293193595329458825e+06 1.001177814656440023e+04 1.584352826257180169e+01 1.512094639945524372e+07 7.271275874890195206e+06 5.976139575729664415e+06 1.019067060732160346e+06 1.015878489262877265e+05
9.000000000000000000e+03 1.120000000000000000e+02 4.552327515451269224e+06 1.119517708131065956e+04 1.527254535410384761e+01 1.846950526114207134e+07 8.881512074623724446e+06 7.299565676605722867e+06 1.069793482198642101e+06 1.137090393618629314e+05
9.000000000000000000e+03 1.180000000000000000e+02 4.794115104774595238e+06 1.251018863443876035e+04 1.475031316166734108e+01 2.222438888731802627e+07 1.068713944759139977e+07 8.783580502652447671e+06 1.129675594751073746e+06 1.240459753326061182e+05
9.000000000000000000e+03 1.240000000000000000e+02 5.008595659010690637e+06 1.398895972852156592e+04 1.427058723643755300e+01 2.642161190588390827e+07 1.270547650601331331e+07 1.044241784833067656e+07 1.178924072011168115e+06 1.384296424227941316e+05
9.000000000000000000e+03 1.300000000000000000e+02 5.337105608396680094e+06 1.528288342086964258e+04 1.382803353483655862e+01 3.125827409272379801e+07 1.503130348437159508e+07 1.235397599724722840e+07 1.216071717923567398e+06 1.494458900446284097e+05
9.000000000000000000e+03 1.360000000000000000e+02 5.789972049882370047e+06 1.625932997686586350e+04 1.341838150833153875e+01 3.703271576272954792e+07 1.780808459957918152e+07 1.463616578089113347e+07 1.237031927971636411e+06 1.554795263322170940e+05
9.000000000000000000e+03 1.420000000000000000e+02 5.942783184463032521e+06 1.752785686783231722e+04 1.303757736045138849e+01 4.227546482661642879e+07 2.032918835719300434e+07 1.670821863648771122e+07 1.250995579743150622e+06 1.644718257851457165e+05
9.000000000000000000e+03 1.480000000000000000e+02 5.935705878409314901e+06 1.960463806027396276e+04 1.268279581453164795e+01 4.979772320925533772e+07 2.394644976778456569e+07 1.968118506542579457e+07 1.292807855487772729e+06 1.813486979300383537e+05
9.000000000000000000e+03 1.540000000000000000e+02 5.683521939861226827e+06 2.327079250713471993e+04 1.237026544166971043e+01 6.113487968899410963e+07 2.939819797343586385e+07 2.416188539495330304e+07 1.365110064023786224e+06 2.112132128226624045e+05
9.500000000000000000e+03 4.600000000000000000e+01 1.511971959373005666e+06 4.769556160378098866e+03 2.818047111698989227e+01 1.726899394631160889e+06 8.304216928509462159e+05 6.825096487301008310e+05 6.300704408248336986e+05 6.317398661510997772e+04
9.500000000000000000e+03 5.200000000000000000e+01 1.576821947917758953e+06 3.684976826581413661e+03 2.593468220203605412e+01 1.598593093119686004e+06 7.687224783883919008e+05 6.318001001329406863e+05 6.617412787003610283e+05 5.163722180107550230e+04
9.500000000000000000e+03 5.800000000000000000e+01 1.936002691718364134e+06 3.747235402384404097e+03 2.411371931350091202e+01 1.802980324085998349e+06 8.670070633872845210e+05 7.125785506005373318e+05 7.403711122710569762e+05 5.113699496148993057e+04
9.500000000000000000e+03 6.400000000000000000e+01 2.251197690951332916e+06 4.342579008723738298e+03 2.258202302986139998e+01 2.586960709805350285e+06 1.244003153081353055e+06 1.022425307934590033e+06 7.582853422075542621e+05 5.122011367362712190e+04
9.500000000000000000e+03 7.000000000000000000e+01 2.475464961524731014e+06 5.095448960797241853e+03 2.127244867630594527e+01 3.573975769515184220e+06 1.718633417763726320e+06 1.412515954667232465e+06 8.235527478538803989e+05 5.515307914608402643e+04
9.500000000000000000e+03 7.600000000000000000e+01 2.761572856792917475e+06 6.075184096634703565e+03 2.013770722514696843e+01 4.652979243730017915e+06 2.237498555151137523e+06 1.838962500687485561e+06 9.018156736972396029e+05 7.123449275016476167e+04
9.500000000000000000e+03 8.200000000000000000e+01 3.153908035038023721e+06 6.556809590246211883e+03 1.914286450775039583e+01 6.210721045966468751e+06 2.986576693958503660e+06 2.454617247896237765e+06 9.083428406936704414e+05 7.111648377867630916e+04
9.500000000000000000e+03 8.800000000000000000e+01 3.434795007284792140e+06 7.410967026485212955e+03 1.826253760480074817e+01 7.960943459208197892e+06 3.828213829154959880e+06 3.146344680411956273e+06 9.395687483676181873e+05 7.393891774297936354e+04
9.500000000000000000e+03 9.400000000000000000e+01 3.830219409580057487e+06 8.186417244575228324e+03 1.747704457534861078e+01 9.943162982585733756e+06 4.781412433151775971e+06 3.929762611307290383e+06 9.768092432985954219e+05 8.333191058789881936e+04
9.500000000000000000e+03 1.000000000000000000e+02 4.156083091801805887e+06 9.086424687417837049e+03 1.677063463580277869e+01 1.236258169243706949e+07 5.944848929218832403e+06 4.885971536346815526e+06 1.016618701468768879e+06 9.089905947715563525e+04
9.500000000000000000e+03 1.060000000000000000e+02 4.358445145888871513e+06 1.032201762508675165e+04 1.613166687522306830e+01 1.535853432232834399e+07 7.385525822354771197e+06 6.070039689590824768e+06 1.041875157458737725e+06 1.141518695636771736e+05
9.500000000000000000e+03 1.120000000000000000e+02 4.772938089698737487e+06 1.129949939711623665e+04 1.555025559652659339e+01 1.869159129452815279e+07 8.988307560438584536e+06 7.387339093578036875e+06 1.100268462127602426e+06 1.128522348794665450e+05
9.500000000000000000e+03 1.180000000000000000e+02 5.030371290196413174e+06 1.260171080825051831e+04 1.501856010295571764e+01 2.254905560058225319e+07 1.084326335526050813e+07 8.911896121450643986e+06 1.161372697781570489e+06 1.246053810132255458e+05
9.500000000000000000e+03 1.240000000000000000e+02 5.240938531735973433e+06 1.413471097276081673e+04 1.453009862470605995e+01 2.688689387537218630e+07 1.292921868923296966e+07 1.062630779266858473e+07 1.216571150696606375e+06 1.389003473781297507e+05
9.500000000000000000e+03 1.300000000000000000e+02 5.441693442164756358e+06 1.612499235689754641e+04 1.407950521386166365e+01 3.103186820282366127e+07 1.492243069019098580e+07 1.226449527540171891e+07 1.262152598217504798e+06 1.624269360178038478e+05
9.500000000000000000e+03 1.360000000000000000e+02 5.891671006479293108e+06 1.696204976765776883e+04 1.366262673934728866e+01 3.733614268052600324e+07 1.795399483356064186e+07 1.475608695274651423e+07 1.300878108812747756e+06 1.637203106454725494e+05
9.500000000000000000e+03 1.420000000000000000e+02 6.010132200048405677e+06 1.837425185249629067e+04 1.327469358604323268e+01 4.315130934017469734e+07 2.075035955331738293e+07 1.705437217221149430e+07 1.324847398836800829e+06 1.727744347896804393e+05
9.500000000000000000e+03 1.480000000000000000e+02 5.993222064609894529e+06 2.079051323166332804e+04 1.291345048269068307e+01 5.097967881224817038e+07 2.451482194728932902e+07 2.014832061826760322e+07 1.365690270810132846e+06 1.933063090079346439e+05
9.500000000000000000e+03 1.540000000000000000e+02 5.900377181056333706e+06 2.350124085470880163e+04 1.261110962459707530e+01 6.257527124150931090e+07 3.009084538250125945e+07 2.473116067271256447e+07 1.422174748164334567e+06 2.059374221524416062e+05
1.000000000000000000e+04 4.600000000000000000e+01 1.591549430918953381e+06 4.653557766184811044e+03 2.868667461355080661e+01 1.336899796083662659e+06 6.428808738293636125e+05 5.283729978996771388e+05 6.503030373489216436e+05 7.565943112805779674e+04
1.000000000000000000e+04 5.200000000000000000e+01 1.591549430918953381e+06 3.379286102147757447e+03 2.638190164062051934e+01 1.309483986541828839e+06 6.296973131417004624e+05 5.175376506882404210e+05 7.289218921218765900e+05 4.561980486105768796e+04
1.000000000000000000e+04 5.800000000000000000e+01 1.987487750650217058e+06 3.836543770395644970e+03 2.452974349836318879e+01 1.863533564401702257e+06 8.961255658819344826e+05 7.365105589768374339e+05 7.402926587436581030e+05 4.955380784654105082e+04
1.000000000000000000e+04 6.400000000000000000e+01 2.324132248053302988e+06 4.422797216356210811e+03 2.297145915447250175e+01 2.623311054277263582e+06 1.261483102802760433e+06 1.036791785167644266e+06 7.782976620516746771e+05 5.212333654001368996e+04
1.000000000000000000e+04 7.000000000000000000e+01 2.648598633475285489e+06 5.087377912403135269e+03 2.163928833456343170e+01 3.576091057600082830e+06 1.719650605631062528e+06 1.413351964299452724e+06 8.352617341510615079e+05 5.947468261769235687e+04
1.000000000000000000e+04 7.600000000000000000e+01 2.864760881945016328e+06 6.100700183195466707e+03 2.048484699415859467e+01 4.874741697527907789e+06 2.344138439828934148e+06 1.926608031697385479e+06 8.859323314957135590e+05 8.613909397041023476e+04
1.000000000000000000e+04 8.200000000000000000e+01 3.084450348542787135e+06 7.147274846462657479e+03 1.947297996994469571e+01 6.740409498277044855e+06 3.241290305312391836e+06 2.663962089087809436e+06 8.992916155429257778e+05 8.997379705958346312e+04
1.000000000000000000e+04 8.800000000000000000e+01 3.472082629549916368e+06 8.197302938020980946e+03 1.857747200037433188e+01 9.133602452753558755e+06 4.392115507263321429e+06 3.609806003204173874e+06 9.472100725307421526e+05 9.558992272538068937e+04
1.000000000000000000e+04 9.400000000000000000e+01 3.944747382797480095e+06 8.350919852871433250e+03 1.777829427659951378e+01 1.012331337534171343e+07 4.868042143362621777e+06 4.000962115841678809e+06 9.915609498652284965e+05 8.497915967204711342e+04
1.000000000000000000e+04 1.000000000000000000e+02 4.341015548897429369e+06 9.269783889038517373e+03 1.705984052528116734e+01 1.268728599428055808e+07 6.100990912273059599e+06 5.014302011000601575e+06 1.023853364453497808e+06 1.069627276577695011e+05
1.000000000000000000e+04 1.060000000000000000e+02 4.687733297684142366e+06 1.022543106461316529e+04 1.641000778040548980e+01 1.547475031625408679e+07 7.441411117533059791e+06 6.115970875528856181e+06 1.092205067730398849e+06 1.017977485888842930e+05
1.000000000000000000e+04 1.120000000000000000e+02 5.005393658059181646e+06 1.138576932358868180e+04 1.581841970124108165e+01 1.887938558343153819e+07 9.078613024545945227e+06 7.461559638533605263e+06 1.141502732151745586e+06 1.143773721420335205e+05
1.000000000000000000e+04 1.180000000000000000e+02 5.280157593223358504e+06 1.269439111060520554e+04 1.527754677995936738e+01 2.285986633587182313e+07 1.099272427797427215e+07 9.034735544768257067e+06 1.197452822367485613e+06 1.252797730692747427e+05
1.000000000000000000e+04 1.240000000000000000e+02 5.498738703042946756e+06 1.419917110504545053e+04 1.478066922460598143e+01 2.727668738746207207e+07 1.311666040655497462e+07 1.078036299347578734e+07 1.255314909622895531e+06 1.385516823193840683e+05
1.000000000000000000e+04 1.300000000000000000e+02 5.663099888991917484e+06 1.626570259149327467e+04 1.432229876929186752e+01 3.162292400083156303e+07 1.520665428646824509e+07 1.249809387780578062e+07 1.311414540908513125e+06 1.611973207446382148e+05
1.000000000000000000e+04 1.360000000000000000e+02 5.989184410363943316e+06 1.880798777223472644e+04 1.390015735481793335e+01 3.741453308109988272e+07 1.799169076961239427e+07 1.478706860977055691e+07 1.358876282677448355e+06 1.874299019021895656e+05
1.000000000000000000e+04 1.420000000000000000e+02 6.036422687887772918e+06 1.990751056875383438e+04 1.350853418027037556e+01 4.356495958839502931e+07 2.094927336407165974e+07 1.721785609402402118e+07 1.398785489660294494e+06 1.884574336020440387e+05
1.000000000000000000e+04 1.480000000000000000e+02 6.072386991678304970e+06 2.281201246078639088e+04 1.314852366731738265e+01 5.172250818389823288e+07 2.487202956819812953e+07 2.044190356530405954e+07 1.427568018801683793e+06 2.158285658476348035e+05
1.000000000000000000e+04 1.540000000000000000e+02 6.091001994431367144e+06 2.454423803324360779e+04 1.284465091413613536e+01 6.258339208731186390e+07 3.009475048927221447e+07 2.473437021441100910e+07 1.475530073629752733e+06 2.208154546876334352e+05
1.000000000000000000e+04 1.600000000000000000e+02 6.111001994431367144e+06 2.454423803324360779e+04 1.284465091413613536e+01 6.258339208731186390e+07 3.009475048927221447e+07 2.473437021441100910e+07 1.475530073629752733e+06 2.208154546876334352e+05
